A*
16
8
400
24 2 180
24 12 162
24 29 37
24 8 154
24 1 189
24 27 100
24 30 152
24 19 121
24 5 116
24 22 73
24 17 79
24 4 103
24 23 60
24 26 153
25 4 64
25 16 108
25 19 159
25 24 134
25 27 55
25 30 196
26 22 128
26 2 48
26 10 58
26 20 36
26 16 182
26 8 83
26 4 105
26 29 7
26 30 169
27 9 90
27 21 116
27 12 50
27 26 56
27 22 185
27 2 32
27 1 89
27 18 106
27 3 118
27 20 145
27 17 83
27 4 16
27 23 139
20 3 185
20 6 44
20 29 128
20 21 48
20 5 82
20 25 125
20 1 148
20 9 69
20 4 46
20 10 153
20 15 62
20 17 200
20 30 189
20 24 25
20 12 122
21 23 56
21 25 27
21 15 104
21 26 53
21 5 36
21 12 156
21 16 138
21 13 141
21 24 82
21 19 110
21 6 199
21 14 74
21 22 101
21 11 40
21 30 147
21 8 147
21 28 85
22 19 82
22 9 67
22 1 1
22 20 68
22 23 49
22 3 9
22 25 119
22 5 165
22 10 62
22 18 195
22 7 77
23 14 181
23 26 162
23 8 16
23 5 42
23 20 83
23 17 55
23 16 87
23 10 30
23 4 13
23 11 10
23 18 34
23 19 86
23 12 152
28 11 165
28 13 27
28 22 115
28 27 155
28 17 62
28 26 111
28 14 150
28 8 64
28 20 90
28 7 10
28 9 184
28 12 140
28 29 146
28 24 193
28 25 71
28 15 89
28 23 179
29 22 142
29 25 150
29 14 122
29 18 9
29 7 70
29 17 11
29 16 138
29 15 121
29 13 103
29 6 22
29 21 58
29 27 193
29 3 13
1 5 36
1 26 15
1 28 4
1 16 170
1 15 78
1 21 14
1 4 110
1 10 27
1 23 179
1 9 78
1 25 5
1 3 179
3 18 193
3 9 94
3 25 169
3 12 199
3 24 93
3 11 64
3 16 80
3 14 151
3 4 68
3 21 128
3 2 58
3 26 183
3 23 16
3 15 53
3 5 14
3 6 146
2 20 105
2 22 193
2 25 33
2 21 145
2 15 70
2 1 122
2 17 146
2 8 156
2 9 36
2 12 10
2 18 84
2 23 139
2 28 65
5 27 185
5 28 186
5 10 95
5 7 35
5 16 191
5 26 53
5 8 78
5 4 72
5 25 60
5 2 33
5 19 36
4 6 171
4 10 94
4 14 74
4 9 32
4 15 76
4 30 9
4 21 160
4 7 95
4 18 111
4 29 60
4 17 40
4 28 154
4 16 25
7 1 52
7 3 119
7 20 126
7 10 163
7 25 191
7 17 15
7 13 74
7 2 106
7 27 88
7 23 85
7 11 190
7 9 59
7 21 125
7 14 72
7 24 92
7 12 93
6 27 31
6 19 156
6 23 83
6 26 171
6 5 4
6 30 186
6 2 39
6 22 2
6 18 60
6 10 81
6 17 18
6 28 179
6 25 78
6 9 83
6 1 9
9 17 19
9 10 91
9 29 141
9 25 158
9 11 180
9 30 136
9 5 159
9 13 39
9 26 43
9 21 84
9 23 158
9 15 66
8 29 176
8 4 165
8 1 54
8 20 120
8 9 116
8 7 46
8 6 34
8 27 111
8 16 174
8 25 56
8 3 49
8 12 131
8 17 191
11 18 35
11 24 100
11 8 120
11 25 152
11 10 34
11 30 167
11 1 166
11 27 48
11 22 75
11 5 103
11 6 127
11 20 110
11 14 122
11 2 14
11 26 100
11 15 57
11 4 49
10 8 186
10 18 117
10 28 44
10 16 39
10 24 86
10 29 128
10 21 127
10 2 20
10 30 172
10 3 162
10 12 109
10 27 31
13 8 179
13 3 164
13 24 11
13 5 16
13 26 199
13 19 115
13 23 131
13 27 63
13 1 76
13 25 55
13 15 85
13 10 11
13 20 111
13 16 120
13 4 74
13 11 117
12 15 148
12 16 98
12 4 180
12 22 168
12 11 3
12 26 93
12 29 106
12 1 122
12 13 69
12 25 16
12 30 155
12 9 147
12 19 79
12 17 136
12 14 12
15 18 64
15 6 104
15 23 25
15 7 126
15 25 94
15 24 15
15 26 30
15 10 127
15 22 36
15 27 63
15 30 103
14 20 174
14 30 67
14 6 66
14 24 141
14 10 51
14 26 46
14 18 176
14 19 153
14 13 81
14 1 26
14 27 89
14 5 93
14 17 192
14 9 156
14 2 142
14 22 193
17 25 82
17 10 102
17 3 146
17 5 189
17 30 46
17 26 90
17 11 154
17 21 116
17 1 117
17 13 115
17 22 121
17 15 156
16 15 134
16 20 61
16 18 100
16 14 81
16 30 145
16 11 105
16 27 51
16 6 162
16 28 65
16 7 65
16 24 145
16 2 192
16 19 133
16 22 168
19 7 95
19 20 191
19 2 33
19 18 175
19 28 61
19 9 51
19 10 33
19 15 56
19 27 24
19 29 145
19 11 108
19 17 84
19 8 123
19 4 126
18 17 16
18 13 160
18 9 190
18 28 193
18 12 188
18 5 48
18 1 101
18 24 153
18 30 65
18 26 191
18 8 130
18 20 144
18 7 96
30 8 184
30 28 43
30 29 123
30 22 187
30 1 54
30 5 148
30 7 3
30 3 65
30 27 64
30 19 78
30 13 178
30
1 122
2 112
3 124
4 3
5 192
6 123
7 48
8 43
9 68
10 199
11 180
12 111
13 139
14 10
15 72
16 4
17 13
18 6
19 88
20 20
21 39
22 193
23 174
24 178
25 15
26 127
27 131
28 28
29 143
30 187
