A*
25
3
400
24 21 79
24 12 138
24 16 65
24 22 187
24 9 182
24 18 126
24 13 42
24 11 89
24 3 131
24 27 124
24 15 117
24 26 58
24 1 128
24 2 104
24 4 164
24 17 7
25 18 162
25 10 120
25 19 167
25 12 114
25 16 95
25 15 113
25 23 8
25 14 93
25 24 83
25 29 148
25 21 189
25 26 6
25 7 105
25 20 58
26 27 32
26 7 117
26 1 167
26 10 190
26 13 57
26 2 135
26 16 92
26 21 165
26 5 199
26 28 1
26 23 26
26 19 159
26 3 15
26 29 144
26 17 125
26 4 141
27 11 65
27 3 104
27 6 105
27 5 22
27 12 121
27 29 44
27 13 123
27 16 173
27 7 132
27 15 71
27 18 10
27 21 140
27 30 62
27 10 112
27 28 44
27 17 72
27 1 41
20 22 108
20 24 114
20 13 33
20 2 69
20 6 140
20 14 69
20 10 163
20 7 84
20 8 61
20 16 83
20 3 162
20 29 105
20 26 200
21 3 158
21 19 5
21 13 130
21 23 124
21 18 23
21 14 74
21 20 119
21 8 164
21 7 161
22 21 153
22 26 100
22 25 84
22 7 64
22 30 160
22 23 68
22 2 184
22 6 78
22 13 53
22 12 31
22 19 47
22 8 114
22 5 99
22 27 143
23 27 172
23 2 169
23 17 133
23 28 176
23 8 105
23 13 80
23 12 54
23 24 179
23 16 36
23 20 72
28 5 83
28 20 5
28 30 177
28 15 114
28 3 172
28 22 195
28 7 116
28 14 179
28 4 139
28 21 87
28 10 116
28 17 11
28 16 7
28 25 187
28 19 98
28 12 37
29 9 99
29 28 149
29 1 155
29 22 191
29 16 93
29 23 94
29 8 98
29 15 7
29 13 158
29 10 181
29 18 151
29 2 127
29 24 96
29 21 52
1 22 141
1 21 70
1 16 71
1 9 53
1 15 77
1 3 80
1 13 17
1 14 29
1 23 96
1 28 182
1 4 117
1 25 157
1 30 41
1 10 11
3 11 22
3 29 188
3 17 27
3 14 86
3 4 116
3 6 121
3 10 193
3 16 53
3 22 62
3 8 63
3 23 97
3 19 50
3 25 113
3 18 38
2 14 135
2 28 93
2 9 7
2 1 17
2 4 137
2 30 171
2 16 10
2 3 47
2 25 27
2 21 61
2 27 17
2 19 99
5 25 98
5 23 88
5 29 144
5 16 3
5 30 140
5 19 81
5 20 28
5 10 93
5 8 30
5 24 111
5 2 141
5 21 10
5 3 87
5 1 23
4 27 161
4 25 86
4 23 198
4 9 168
4 16 121
4 13 45
4 21 118
4 18 140
4 20 28
4 29 163
4 11 84
4 14 155
4 5 175
7 4 114
7 29 14
7 30 130
7 1 42
7 3 105
7 5 18
7 24 188
7 6 40
7 23 130
7 19 136
6 23 1
6 24 77
6 4 89
6 1 13
6 30 194
6 28 163
6 26 197
6 12 68
6 16 118
6 14 9
6 25 158
6 5 86
6 29 26
6 2 189
6 18 147
9 26 197
9 27 103
9 11 59
9 3 54
9 17 135
9 23 187
9 21 155
9 28 144
9 15 119
9 6 119
9 30 180
9 12 101
9 20 170
9 14 3
9 5 85
9 7 21
9 13 105
8 12 137
8 13 47
8 6 81
8 27 145
8 4 55
8 9 6
8 1 119
8 24 177
8 14 114
8 26 34
8 25 27
8 11 22
8 2 190
8 28 34
11 1 17
11 17 37
11 12 13
11 25 136
11 10 185
11 16 7
11 22 184
11 7 163
11 2 126
11 21 22
11 23 192
11 26 128
11 5 171
11 20 195
11 6 74
10 19 200
10 4 141
10 9 96
10 16 13
10 18 17
10 24 56
10 22 94
10 14 104
10 2 143
10 6 60
10 13 141
10 7 87
10 23 3
10 15 51
13 6 54
13 18 159
13 2 103
13 11 90
13 15 145
13 3 44
13 19 182
13 30 12
13 12 85
13 5 175
13 16 179
13 7 184
12 17 23
12 15 69
12 26 136
12 30 123
12 20 171
12 2 78
12 16 104
12 4 23
12 5 76
12 3 164
12 7 166
12 10 170
12 29 158
15 2 36
15 11 77
15 19 122
15 3 28
15 4 79
15 6 124
15 23 13
15 5 119
15 16 86
15 7 191
15 8 180
15 21 93
15 22 194
15 18 20
15 20 122
14 26 105
14 16 135
14 15 101
14 5 188
14 11 93
14 23 107
14 18 68
14 12 91
14 27 196
17 2 154
17 4 125
17 20 199
17 13 171
17 1 150
17 25 38
17 10 105
17 22 24
17 18 61
17 29 6
17 6 140
17 5 22
17 14 189
17 16 168
17 8 178
16 7 40
16 8 75
16 21 183
19 27 175
19 20 72
19 12 179
19 29 62
19 9 43
19 11 8
19 30 163
19 17 37
19 4 91
19 24 3
19 16 69
19 14 194
19 1 70
18 9 176
18 19 185
18 12 50
18 11 15
18 20 138
18 8 43
18 16 180
18 1 178
18 22 160
18 28 132
18 7 186
18 23 19
18 2 64
30 3 174
30 10 200
30 15 178
30 25 97
30 21 175
30 17 178
30 8 11
30 29 57
30 4 135
30 14 193
30 20 25
30 18 3
30 16 28
30 23 127
30 26 162
30 24 108
30
1 159
2 50
3 176
4 76
5 196
6 43
7 151
8 126
9 1
10 44
11 31
12 144
13 152
14 4
15 195
16 192
17 72
18 114
19 47
20 86
21 133
22 70
23 95
24 122
25 159
26 152
27 17
28 106
29 34
30 11
