BFS
5
4
400
24 10 158
24 14 87
24 20 110
24 17 103
24 12 140
24 11 106
24 19 150
24 15 108
24 25 193
24 16 184
24 23 162
24 30 109
24 9 46
24 26 191
24 5 97
25 27 188
25 12 195
25 18 152
25 23 6
25 17 31
25 7 133
25 9 186
25 2 6
25 29 147
25 16 59
25 14 122
25 11 76
25 1 50
26 11 17
26 21 111
26 17 176
26 10 34
26 29 84
26 27 99
26 13 174
26 19 198
26 16 148
26 9 76
26 8 167
27 24 79
27 30 94
27 19 196
27 2 51
27 1 90
27 20 101
27 3 1
27 29 8
27 12 195
27 16 142
27 15 94
27 23 185
27 7 162
27 21 165
27 13 66
20 2 122
20 16 114
20 19 84
20 21 152
20 22 37
20 25 141
20 26 187
20 30 9
20 5 171
20 1 72
20 13 20
20 10 190
20 4 120
20 8 9
20 14 165
20 6 89
20 11 6
20 17 160
20 9 62
21 4 1
21 29 102
21 30 86
21 12 138
21 2 163
21 25 129
21 18 61
21 24 137
21 13 194
21 8 149
21 7 89
21 10 121
22 5 75
22 14 54
22 8 74
22 23 31
22 21 11
22 1 46
22 6 112
22 26 155
22 7 175
22 16 135
22 4 78
22 27 24
22 25 72
22 30 162
22 24 116
22 18 16
22 29 34
22 2 187
22 9 26
22 15 79
23 11 181
23 20 184
23 28 195
23 5 100
23 26 27
23 13 123
23 8 115
23 3 126
23 7 52
23 29 126
23 19 198
23 21 96
23 12 140
23 1 21
23 16 19
28 12 74
28 13 44
28 26 96
28 17 89
28 24 125
28 2 59
28 14 190
28 1 190
28 21 188
28 22 28
28 27 141
28 18 128
28 6 18
28 20 78
28 5 144
28 11 70
29 17 110
29 24 126
29 28 104
1 24 134
1 2 53
1 6 4
1 26 136
1 29 40
1 21 167
1 3 165
1 30 190
1 12 93
3 11 75
3 26 137
3 8 194
3 12 116
3 28 68
3 14 39
3 9 51
3 21 55
3 29 8
3 19 130
2 8 184
2 19 182
2 26 167
2 12 166
2 23 162
2 18 154
2 6 125
2 29 116
2 17 88
5 29 48
5 27 105
5 25 153
5 26 133
5 19 93
5 18 64
5 3 192
5 21 155
5 8 54
5 13 126
5 1 125
5 2 195
4 3 96
4 23 4
4 16 18
4 29 149
4 24 35
4 28 169
4 8 41
4 26 95
4 19 141
4 7 103
4 6 112
4 14 59
4 9 100
4 5 135
4 27 137
4 2 155
4 30 37
7 14 2
7 17 55
7 11 39
7 28 43
7 3 14
7 18 50
7 5 89
7 29 183
7 12 31
7 26 181
7 20 3
7 19 23
7 24 128
7 13 100
7 1 37
7 16 151
6 18 159
6 21 151
6 23 200
6 29 189
6 27 66
6 25 89
6 14 107
6 5 27
6 16 171
6 3 172
6 10 63
6 26 136
6 24 58
6 7 14
9 11 115
9 10 159
9 23 112
9 19 94
9 27 124
9 16 178
9 1 120
9 29 125
9 7 119
9 13 55
9 5 111
9 2 19
9 6 82
9 14 161
9 28 66
8 6 40
8 25 105
8 19 127
8 9 132
8 27 193
8 1 170
8 7 109
8 28 52
11 18 45
11 30 76
11 8 35
11 5 22
11 12 121
11 6 186
11 1 97
11 19 114
11 10 129
11 21 90
11 4 182
11 14 83
11 17 76
11 29 149
11 22 25
11 2 195
10 7 21
10 27 130
10 8 147
10 1 115
10 3 166
10 28 139
10 22 116
10 29 92
10 19 10
10 16 73
10 4 173
10 2 72
10 5 124
13 22 139
13 16 173
13 24 144
13 2 110
13 4 166
13 29 65
13 15 123
13 30 177
13 17 152
13 10 49
13 6 71
13 8 192
13 11 122
12 4 48
12 10 138
12 26 8
12 30 51
12 9 144
12 20 129
12 8 45
12 13 40
12 18 42
12 17 24
12 22 67
12 5 41
12 14 154
15 7 68
15 10 69
15 11 159
15 2 112
15 20 64
15 18 166
15 6 121
15 23 178
15 1 74
15 8 177
15 25 19
15 29 162
15 28 37
15 4 8
15 3 125
15 14 169
15 9 94
15 5 43
14 27 73
14 17 6
14 23 171
14 10 93
14 5 22
14 18 197
14 13 85
14 30 171
14 26 75
14 8 93
14 19 43
14 29 165
14 2 70
14 21 139
14 1 91
17 15 166
17 30 22
17 9 112
17 8 26
17 6 97
17 19 127
17 27 45
17 23 67
17 3 163
17 4 128
17 21 22
17 10 43
17 5 148
17 22 154
16 11 35
16 8 63
16 5 37
16 29 162
16 2 115
16 12 191
16 1 122
16 14 170
16 3 106
16 28 38
19 21 87
19 1 16
19 25 21
19 28 125
19 15 144
19 29 30
19 13 191
19 6 57
19 22 46
19 18 152
18 1 108
18 30 154
18 27 41
18 23 81
18 29 13
18 8 59
18 10 92
18 20 4
18 24 111
18 13 150
18 3 163
18 26 140
18 4 77
18 16 180
30 3 130
30 6 181
30 9 32
30 23 185
30 28 116
30 19 24
30 29 89
30 15 57
30 8 147
30 5 32
30 16 166
30 10 86
30 2 40
30 25 74
30 7 160
30
1 85
2 174
3 73
4 175
5 166
6 45
7 29
8 88
9 88
10 175
11 6
12 44
13 112
14 187
15 71
16 118
17 0
18 122
19 65
20 149
21 12
22 142
23 155
24 20
25 52
26 53
27 187
28 35
29 83
30 149
