BFS
27
25
400
24 1 96
24 7 143
24 2 192
24 21 104
24 26 172
24 9 187
24 6 63
24 18 55
24 13 173
24 16 81
24 8 69
24 17 56
24 4 68
24 5 60
24 15 171
24 20 121
24 10 162
25 29 58
25 14 85
25 5 140
25 27 5
25 28 118
25 11 72
25 21 30
25 8 2
25 16 26
25 26 195
25 18 181
25 6 51
25 22 113
25 20 149
25 24 192
25 23 192
26 9 64
26 7 90
26 20 77
26 4 87
26 27 102
26 28 15
26 16 136
26 2 166
26 12 166
26 23 130
26 18 176
26 15 160
26 5 61
26 29 26
26 30 172
27 28 169
27 29 59
27 14 172
27 23 75
27 6 118
27 22 168
27 16 10
27 17 125
27 8 156
27 21 126
27 24 77
27 11 16
27 18 124
20 7 182
20 29 18
20 30 63
20 6 147
20 1 39
20 22 29
20 21 162
20 5 107
20 14 188
20 11 24
20 16 177
20 17 168
20 13 8
20 15 19
20 3 191
21 13 191
21 12 40
21 26 133
21 5 112
21 6 98
21 17 59
21 10 190
21 3 4
21 11 30
21 2 86
21 23 76
21 8 5
21 16 186
22 5 124
22 8 189
22 14 81
22 21 20
22 15 33
22 1 49
22 13 37
22 19 14
22 4 200
22 24 16
22 16 134
23 10 105
23 9 136
23 18 36
23 29 3
23 20 3
23 30 159
23 12 134
23 22 77
23 13 76
23 2 25
23 24 192
23 15 176
23 17 128
23 6 183
28 7 52
28 11 50
28 17 119
28 14 103
28 30 80
28 29 7
28 5 116
28 4 20
28 10 142
28 6 45
28 22 102
28 23 133
28 20 161
28 21 83
28 15 31
28 24 6
28 8 171
29 11 134
29 9 68
29 1 152
29 5 87
29 15 194
29 2 10
29 14 90
29 21 137
29 22 181
29 18 69
29 30 127
29 10 51
29 24 42
29 4 43
29 8 160
29 19 98
29 12 161
1 25 46
1 17 89
1 27 141
1 16 87
1 11 58
1 3 124
1 21 144
1 4 133
1 12 108
1 6 94
1 7 177
1 26 166
1 23 1
1 28 41
3 22 50
3 24 151
3 26 104
3 27 134
3 12 200
3 19 185
3 25 188
3 6 80
3 13 70
3 29 124
3 8 24
3 23 87
3 17 119
3 9 11
3 28 54
2 25 108
2 13 123
2 18 11
2 28 118
2 16 85
2 27 77
2 30 21
2 22 77
2 3 59
2 1 14
2 20 135
2 11 4
2 6 22
2 8 129
2 15 122
2 17 21
5 14 127
5 2 199
5 13 64
5 30 88
5 4 114
5 11 137
5 23 200
5 6 134
5 19 198
5 27 100
5 16 105
5 8 57
5 3 197
5 15 4
4 2 44
4 9 192
4 7 72
4 21 103
4 6 63
4 15 97
4 25 88
4 14 155
4 20 20
4 27 142
4 16 32
4 19 183
4 23 124
4 13 5
4 30 195
7 19 67
7 2 59
7 30 156
7 29 90
7 12 20
7 13 25
7 11 193
7 16 192
7 18 195
7 23 78
7 3 52
7 5 46
7 22 106
7 14 106
7 15 169
7 27 44
7 21 77
6 12 11
6 30 148
6 26 166
6 15 11
6 7 147
6 8 175
6 9 115
6 14 89
6 13 94
6 17 84
9 21 173
9 1 54
9 28 142
9 20 40
9 16 103
9 15 120
9 2 198
9 22 141
9 27 84
9 17 7
9 7 99
9 19 141
9 14 103
9 25 108
8 23 140
8 7 105
8 20 5
8 12 27
8 19 198
8 26 22
8 1 137
8 17 63
8 9 133
8 4 200
11 14 76
11 26 127
11 10 187
11 6 200
11 3 86
11 24 10
11 23 33
11 22 122
11 9 58
11 8 2
10 6 43
10 30 164
10 9 28
10 1 165
10 4 104
10 8 7
10 20 51
10 7 99
10 12 172
10 13 115
10 17 30
10 27 180
10 16 170
10 26 152
10 25 92
10 3 187
10 19 42
10 5 114
10 22 14
13 29 119
13 9 80
13 11 39
13 26 53
13 27 176
13 8 50
13 19 77
13 15 93
13 16 63
13 28 135
13 25 137
13 14 22
12 30 87
12 2 139
12 25 33
12 27 21
12 22 26
12 16 31
12 13 85
12 5 172
12 18 110
12 9 83
12 24 28
12 11 150
12 14 111
12 19 108
12 17 88
15 25 105
15 10 56
15 12 153
15 17 158
15 8 58
15 1 14
15 21 61
14 19 118
14 1 107
14 23 149
14 8 76
14 24 50
14 10 169
17 26 76
17 11 139
17 4 69
17 5 93
17 18 98
17 13 195
17 30 167
17 7 20
16 3 24
16 6 61
16 14 146
16 15 140
16 18 73
16 23 29
16 28 71
16 29 15
19 20 24
19 26 187
19 24 170
19 15 55
19 18 18
19 28 18
19 17 138
19 11 183
19 23 75
19 27 68
19 16 163
19 1 15
18 1 121
18 4 46
18 8 45
18 15 3
18 9 166
18 6 9
18 5 162
18 11 25
18 20 132
18 14 183
18 3 124
18 10 128
18 22 133
18 30 188
18 13 151
18 21 98
30 27 92
30 1 186
30 3 70
30 19 187
30 11 88
30 15 59
30 25 60
30 9 148
30 22 29
30 16 168
30 8 93
30 24 191
30 13 66
30 21 195
30
1 33
2 2
3 54
4 28
5 159
6 166
7 36
8 8
9 197
10 9
11 2
12 199
13 166
14 47
15 6
16 54
17 7
18 132
19 114
20 167
21 123
22 112
23 87
24 167
25 105
26 182
27 94
28 182
29 150
30 80
