DFS
25
11
400
24 2 13
24 4 113
24 6 134
24 18 72
24 15 157
24 5 1
24 14 81
24 22 82
24 11 80
24 3 164
24 21 35
24 23 8
24 9 51
24 25 46
24 19 106
24 1 57
24 7 171
24 28 66
25 5 38
25 23 185
25 10 63
25 1 12
25 9 92
25 14 162
25 17 99
25 16 69
25 12 192
25 15 130
25 18 172
25 21 36
25 19 164
26 14 200
26 21 193
26 23 17
26 12 61
26 4 173
26 10 21
26 11 156
26 25 11
26 22 145
26 9 145
26 7 39
26 27 191
26 15 117
26 13 50
26 16 111
26 17 82
27 14 61
27 13 127
27 1 197
27 28 15
27 25 92
27 2 1
27 4 191
27 8 196
27 9 195
27 16 1
27 18 68
27 10 128
27 15 7
27 24 156
27 12 79
27 22 196
27 19 195
20 27 6
20 24 140
20 19 107
20 12 101
20 15 57
20 7 88
20 25 171
20 3 82
20 18 166
20 29 165
20 14 128
20 10 16
20 5 156
20 22 42
20 17 87
21 30 177
21 16 81
21 17 26
21 3 94
21 18 114
21 12 22
21 11 118
21 27 163
21 6 4
21 10 136
21 8 99
21 9 192
21 1 172
22 25 69
22 28 88
22 29 129
22 10 147
22 9 141
22 2 37
22 23 67
22 16 184
22 30 137
22 19 64
22 21 46
22 7 46
22 5 178
23 16 143
23 20 44
23 4 73
23 3 108
23 10 180
23 8 98
23 6 37
23 14 165
23 1 169
23 13 34
23 21 4
23 27 170
28 17 104
28 10 176
28 5 80
28 29 11
28 6 190
28 12 127
28 20 50
28 23 50
28 8 5
28 21 191
28 25 13
28 2 36
28 19 85
29 23 164
29 4 163
29 1 139
29 15 160
29 24 32
29 17 100
29 16 86
29 5 84
29 30 199
29 8 187
29 25 180
29 6 143
29 3 13
29 7 33
29 11 174
29 10 195
29 21 9
1 14 135
1 19 105
1 26 96
1 7 142
1 20 80
1 15 126
1 8 36
1 10 163
1 3 172
1 22 166
1 4 190
1 5 147
1 17 113
1 2 106
1 9 56
1 6 96
3 6 31
3 18 156
3 22 2
3 27 32
3 17 51
3 8 145
3 7 167
3 25 40
3 2 159
3 30 118
3 5 9
3 10 129
2 7 50
2 13 90
2 10 43
2 19 94
2 6 124
2 25 153
2 15 114
2 21 59
2 4 95
2 23 6
2 20 150
2 18 128
2 26 69
2 14 67
2 17 104
2 8 22
2 16 16
5 13 134
5 21 102
5 19 114
5 15 96
5 23 160
5 16 58
5 27 26
5 30 173
5 2 107
4 12 57
4 21 99
4 30 200
4 25 132
4 7 77
4 15 186
4 10 163
4 9 143
4 14 121
4 28 184
4 16 70
4 5 89
4 13 95
4 20 46
7 28 126
7 27 70
7 10 184
7 17 184
7 21 66
7 18 110
7 14 32
7 25 23
7 5 29
7 8 124
7 11 48
7 9 145
7 30 176
6 8 127
6 11 60
6 16 114
6 26 158
6 25 199
6 4 148
6 10 163
6 7 81
6 20 43
6 13 50
6 30 92
6 5 186
6 27 15
6 18 28
6 15 8
9 13 9
9 3 198
9 12 123
9 19 32
9 20 186
9 10 117
9 8 62
9 2 30
9 5 4
9 28 185
9 29 22
9 23 75
8 17 24
8 20 167
8 25 111
8 22 196
8 30 158
8 26 48
8 11 56
8 24 109
8 4 36
8 10 194
8 13 178
11 20 98
11 28 54
11 18 6
11 12 163
11 16 182
11 3 98
11 10 14
11 25 6
11 9 61
11 15 27
11 22 134
11 5 157
11 19 141
11 4 147
11 27 17
11 2 45
11 30 131
11 23 176
11 1 166
11 17 169
10 5 96
10 19 49
10 24 185
13 3 60
13 17 31
13 25 23
13 1 49
13 28 147
13 15 2
13 18 154
13 21 34
13 24 29
13 29 54
13 7 121
13 19 113
13 10 48
13 20 123
13 12 80
13 22 29
12 1 31
12 15 147
12 22 165
12 29 28
12 8 62
12 6 185
12 10 51
12 18 71
12 3 198
12 16 106
12 24 15
12 7 185
12 5 74
15 21 79
15 22 3
15 9 13
15 30 137
15 3 167
15 7 93
15 8 184
15 28 175
15 23 168
15 17 8
15 10 92
15 19 107
14 5 66
14 15 186
14 10 113
14 13 88
14 16 51
14 21 133
14 3 112
14 22 150
14 6 108
14 28 37
14 9 36
14 29 196
14 12 135
14 8 163
17 9 127
17 27 132
17 24 162
17 22 140
17 12 176
17 19 89
17 14 170
17 10 175
17 23 148
17 4 157
17 6 188
17 5 30
16 8 154
16 28 34
16 18 172
16 10 149
16 1 105
16 30 67
16 24 161
16 3 7
16 7 186
19 6 73
19 26 108
19 21 32
19 23 59
19 3 105
19 12 147
19 4 121
19 29 90
19 16 66
19 14 65
19 8 83
19 7 22
18 29 45
18 8 11
18 15 150
18 23 121
18 26 154
18 9 141
18 4 105
18 1 196
18 5 12
18 30 118
18 10 19
18 14 24
30 14 58
30 13 183
30 20 127
30 9 105
30 10 23
30 1 120
30 25 137
30 12 12
30 2 28
30 27 42
30 24 155
30
1 121
2 144
3 120
4 198
5 57
6 136
7 36
8 179
9 131
10 60
11 174
12 22
13 67
14 25
15 61
16 164
17 66
18 121
19 106
20 11
21 152
22 14
23 52
24 45
25 172
26 15
27 35
28 50
29 50
30 43
