DFS
16
13
400
24 29 13
24 2 137
24 27 198
24 7 47
24 12 112
24 10 192
24 23 12
24 14 89
24 28 103
24 6 187
24 16 142
24 1 50
24 30 69
24 20 191
24 21 53
24 18 68
25 22 28
25 24 177
25 28 51
25 21 62
25 20 196
25 26 31
25 1 118
25 19 189
25 14 125
25 12 40
25 15 143
25 2 156
25 8 163
25 3 79
25 17 173
25 7 116
25 4 29
26 29 189
26 28 95
26 19 199
26 17 54
26 10 44
26 4 4
26 30 176
26 22 2
26 11 63
26 9 116
26 23 153
26 24 107
26 27 139
26 13 97
27 3 95
27 30 155
27 19 186
27 11 151
27 6 56
27 18 55
27 7 90
27 29 76
27 23 174
27 13 63
27 25 195
27 2 22
20 9 148
20 27 134
20 21 193
20 10 167
20 26 184
20 6 169
20 22 55
20 12 158
20 1 12
20 30 43
20 16 135
21 9 88
21 17 5
21 22 28
21 10 91
21 2 103
21 6 98
21 29 29
21 14 171
21 26 40
21 30 88
21 27 192
21 19 37
21 15 94
22 2 105
22 15 66
22 5 127
22 4 199
22 24 166
22 7 17
22 27 9
22 14 110
22 11 196
22 18 56
22 19 110
23 6 141
23 22 52
23 7 194
23 16 125
23 20 92
23 21 57
23 10 87
23 25 137
23 1 86
23 19 192
23 28 79
23 17 141
23 12 145
23 9 42
28 2 52
28 14 109
28 20 109
28 27 130
28 8 62
28 12 82
28 30 86
28 22 147
28 13 189
28 7 53
28 15 148
28 5 168
28 6 1
28 10 84
29 14 71
29 16 167
29 4 52
29 19 54
29 3 77
29 22 166
29 11 121
29 30 113
29 25 77
29 23 182
29 20 49
29 13 54
29 6 92
1 4 135
1 19 147
1 22 143
1 17 11
1 21 165
1 9 96
1 29 160
1 15 21
1 13 86
1 10 88
3 15 124
3 23 41
3 19 188
3 26 180
3 20 21
3 30 18
3 1 87
3 21 155
3 28 5
3 9 7
3 11 58
3 18 158
3 5 108
3 14 161
3 13 57
2 23 38
2 1 76
2 8 59
2 4 121
2 16 39
2 14 177
2 19 49
2 20 113
2 26 153
2 13 152
2 5 5
2 29 29
5 21 166
5 24 58
5 23 51
5 11 40
5 1 37
5 26 173
5 25 158
5 27 190
5 19 62
5 29 66
5 20 179
5 18 105
5 14 42
4 12 183
4 13 71
4 8 92
4 19 53
4 10 141
4 15 198
4 7 178
4 18 1
4 5 75
4 3 30
4 20 117
4 27 179
4 30 120
4 16 100
4 24 60
4 23 200
4 21 20
7 1 60
7 5 108
7 6 178
7 10 85
7 21 29
7 26 79
7 13 99
7 15 120
7 12 135
7 2 138
7 11 181
7 9 63
7 8 142
6 26 61
6 1 119
6 19 27
6 25 80
6 22 194
6 3 166
6 10 154
6 9 150
6 18 51
6 15 52
6 8 73
9 5 158
9 11 86
9 4 9
9 29 199
9 2 27
9 28 8
9 17 141
9 12 121
9 24 193
9 13 140
9 15 122
9 14 47
9 27 48
9 18 65
8 19 63
8 26 143
8 30 98
8 1 146
8 12 38
8 3 1
8 20 69
8 9 69
8 27 12
8 24 40
8 22 2
8 5 51
8 11 99
8 21 145
8 18 22
8 23 56
11 4 150
11 28 122
11 19 25
11 1 26
11 6 157
11 2 34
11 24 142
11 23 88
11 21 130
11 25 53
11 14 191
10 8 123
10 27 62
10 5 32
10 12 91
10 9 64
10 15 116
10 11 170
10 19 38
10 30 5
10 22 136
10 13 172
10 29 194
10 2 27
10 3 140
13 11 149
13 15 28
13 22 38
13 21 107
13 8 26
13 20 29
13 16 46
13 12 193
13 30 159
13 23 4
12 29 21
12 21 103
12 27 25
12 26 155
12 11 2
12 22 77
12 5 195
12 3 71
12 1 187
12 2 66
12 14 92
12 18 125
12 6 54
12 16 99
12 19 72
15 24 181
15 18 132
15 20 188
15 27 195
15 2 126
15 8 95
15 11 162
15 12 189
15 29 146
15 19 69
15 17 78
15 23 99
15 16 190
15 26 116
14 17 66
14 16 136
14 20 124
14 15 102
14 4 174
14 8 166
14 30 40
14 10 93
14 1 139
14 6 171
14 7 103
14 19 173
14 23 100
14 26 47
14 13 184
17 22 178
17 8 24
17 3 183
17 4 151
17 10 160
17 11 118
17 16 188
17 30 51
17 6 172
17 20 69
17 13 50
17 7 41
17 29 47
17 19 154
17 28 51
17 27 86
17 5 135
17 2 51
16 6 4
16 25 171
16 5 39
16 11 179
16 28 61
16 19 34
16 27 44
16 9 189
16 26 9
16 22 133
16 3 52
16 10 38
16 8 41
16 21 151
16 7 161
19 7 19
19 9 131
19 13 140
19 18 118
19 20 49
19 28 63
18 16 37
18 17 71
18 26 50
18 28 126
18 20 134
18 13 13
18 14 170
18 7 11
18 1 42
18 29 89
18 23 70
18 25 186
30 25 138
30 11 44
30 12 198
30 9 71
30 19 32
30 7 138
30 15 57
30 6 145
30 18 191
30 23 57
30 22 180
30 16 76
30 5 15
30 1 160
30
1 68
2 130
3 194
4 198
5 38
6 169
7 54
8 198
9 104
10 13
11 51
12 26
13 138
14 20
15 39
16 0
17 147
18 142
19 62
20 50
21 79
22 152
23 191
24 92
25 53
26 183
27 97
28 51
29 48
30 7
