BFS
20
17
400
24 2 172
24 27 200
24 29 200
24 17 127
24 1 177
24 18 77
24 12 185
24 10 153
24 22 53
24 19 134
24 16 158
24 5 197
24 6 96
25 27 125
25 8 12
25 22 2
25 20 29
25 1 42
25 23 57
25 7 10
25 15 62
25 24 41
25 19 156
25 3 169
25 17 85
25 18 45
25 4 193
25 10 170
25 30 168
25 26 90
26 20 166
26 11 85
26 15 90
26 10 32
26 16 95
26 3 130
26 27 170
26 5 39
26 8 88
26 28 76
26 19 55
26 23 50
26 24 113
26 12 166
26 9 132
26 21 86
26 30 106
27 30 102
27 10 161
27 28 161
27 16 193
27 2 14
27 13 33
27 3 133
27 19 127
27 6 150
27 20 74
27 22 138
27 8 189
27 12 152
27 17 167
20 18 129
20 5 1
20 19 185
20 1 61
20 16 72
20 15 199
20 11 1
20 6 103
20 24 8
20 30 107
20 10 164
20 7 7
20 14 89
20 22 86
21 8 56
21 20 55
21 5 47
21 27 31
21 24 144
21 19 197
21 25 28
21 22 128
21 11 112
21 6 46
21 12 92
21 9 13
21 4 41
21 3 76
21 10 39
22 8 195
22 28 27
22 23 69
22 26 154
22 10 146
22 16 146
22 12 97
22 7 180
22 15 174
23 2 1
23 17 108
23 29 142
23 10 93
23 20 60
23 16 99
23 18 6
23 8 148
23 21 72
23 28 59
23 3 72
23 13 50
23 30 20
23 6 127
23 1 105
28 16 99
28 14 96
28 5 149
28 15 35
28 4 130
28 1 40
28 20 119
28 24 100
28 3 83
28 21 85
28 29 151
28 10 60
29 15 3
29 20 29
29 1 158
29 4 9
29 6 126
29 26 118
29 30 173
29 12 25
29 22 77
29 21 14
29 17 88
29 11 135
29 14 139
29 18 113
29 25 58
29 19 99
1 10 154
1 7 45
1 26 127
1 2 73
1 19 198
1 22 22
1 18 25
1 15 161
1 6 128
1 21 16
1 27 81
3 22 51
3 11 104
3 30 30
3 29 107
3 12 162
3 24 68
3 16 80
3 13 42
3 19 19
3 2 75
3 5 146
3 10 98
3 1 91
3 20 193
2 25 117
2 19 30
2 15 146
2 14 160
2 17 38
2 26 160
2 22 112
2 13 138
2 10 24
2 8 34
2 20 162
2 28 6
2 11 126
2 7 118
5 25 46
5 15 58
5 29 169
5 7 198
5 11 51
5 30 43
5 27 12
5 1 176
5 10 67
5 22 71
4 12 84
4 3 118
4 6 166
4 19 56
4 10 127
4 30 185
4 22 139
4 11 16
4 18 107
4 20 180
4 15 179
4 2 42
4 27 73
4 1 139
4 5 93
4 24 33
4 14 10
7 4 49
7 8 175
7 21 195
7 26 188
7 13 186
7 19 70
7 15 114
7 27 190
7 23 39
7 24 139
7 16 116
7 12 198
7 10 34
7 3 5
7 28 140
7 17 76
7 9 158
6 26 18
6 28 112
6 7 54
6 10 28
6 2 6
6 22 182
6 25 63
6 15 61
9 1 147
9 14 138
9 3 177
9 10 150
9 17 57
9 24 15
9 15 131
9 25 148
9 28 6
9 22 41
9 13 129
9 2 20
9 20 192
9 5 164
9 16 147
9 29 101
9 19 148
9 4 132
8 3 168
8 9 20
8 28 88
8 30 180
8 4 130
8 6 127
8 24 12
8 19 18
8 10 147
8 29 78
8 20 13
8 13 155
8 12 77
8 11 9
8 16 42
8 5 124
8 14 100
11 7 153
11 14 119
11 23 49
11 30 14
11 27 54
11 1 136
11 12 177
11 9 169
11 28 63
11 25 179
11 6 82
11 13 27
10 11 170
10 29 150
13 16 44
13 24 97
13 25 3
13 30 64
13 26 186
13 12 33
13 14 184
13 4 5
13 20 47
13 5 187
13 6 4
13 21 5
13 29 113
13 17 160
13 10 162
13 22 129
13 15 155
13 1 106
12 19 163
12 30 182
12 23 165
12 9 80
12 5 167
12 10 63
12 20 175
12 15 22
12 28 18
12 2 18
12 25 142
15 3 146
15 16 57
15 24 103
15 21 111
15 19 123
15 23 71
15 27 158
15 8 199
15 10 112
15 11 101
14 5 37
14 17 140
14 27 69
14 22 12
14 25 13
14 15 158
14 10 31
14 24 51
14 30 31
14 21 164
14 23 24
14 3 91
14 18 107
14 16 126
17 6 130
17 19 184
17 22 10
17 12 181
17 5 189
17 15 65
17 11 150
17 3 186
17 20 66
17 10 21
17 26 150
17 18 170
17 1 191
17 16 7
17 21 100
17 8 108
16 10 68
16 2 169
16 25 102
16 30 185
16 21 187
16 11 116
16 1 79
16 6 26
16 29 18
16 4 116
19 14 125
19 28 181
19 13 191
19 16 35
19 5 64
19 10 34
19 11 43
19 22 14
19 6 13
18 13 132
18 27 65
18 16 105
18 22 29
18 5 10
18 26 16
18 3 91
18 2 98
18 7 13
18 8 143
18 11 1
18 15 72
18 9 75
18 21 182
18 28 104
18 10 1
18 19 40
30 1 179
30 19 63
30 2 60
30 24 74
30 17 78
30 18 56
30 15 173
30 10 178
30 7 100
30 28 154
30 21 172
30 6 21
30 22 147
30
1 171
2 145
3 190
4 193
5 4
6 138
7 2
8 81
9 50
10 80
11 175
12 123
13 118
14 115
15 133
16 109
17 155
18 20
19 1
20 138
21 46
22 190
23 152
24 155
25 33
26 11
27 72
28 13
29 125
30 89
