UCS
4
14
400
24 25 9
24 27 47
24 18 177
24 10 45
24 11 107
24 28 64
24 9 83
24 17 43
24 5 165
24 21 175
24 7 160
24 23 78
24 15 57
24 6 127
25 9 29
25 28 73
25 21 60
25 26 5
25 18 155
25 8 67
25 20 81
25 23 37
25 27 136
25 2 10
25 12 101
25 15 119
25 29 162
25 3 122
25 17 33
25 30 135
26 2 162
26 21 109
26 12 92
26 5 65
26 3 49
26 24 171
26 9 97
26 4 40
26 17 55
26 7 73
26 1 11
26 29 101
26 6 2
27 11 196
27 28 197
27 9 133
27 30 167
27 4 133
27 2 6
27 19 109
27 8 147
27 1 90
27 17 25
20 6 30
20 24 184
20 30 134
20 7 158
20 27 67
20 13 159
20 12 44
20 15 24
20 3 72
20 10 167
20 9 78
20 4 185
20 19 163
20 17 32
20 23 69
20 26 190
21 13 16
21 19 80
21 18 186
21 3 65
21 28 137
21 29 2
21 23 83
21 7 133
21 8 23
21 11 169
21 6 171
21 27 40
21 20 131
22 8 100
22 15 151
22 21 13
22 20 153
22 26 123
22 19 83
22 5 94
22 13 155
22 16 101
22 10 182
22 29 184
22 1 67
22 24 19
22 12 1
22 2 29
22 25 27
22 7 44
23 4 34
23 14 14
23 22 196
23 26 38
23 30 23
23 8 98
23 16 20
23 10 120
23 2 17
28 15 75
28 26 31
28 23 120
28 20 169
28 17 13
28 14 180
28 9 191
28 22 34
28 13 88
28 2 124
28 12 100
28 5 97
28 10 149
29 12 200
29 24 90
29 10 63
29 23 138
29 2 185
29 5 84
29 8 68
29 20 84
29 14 104
29 16 178
29 27 168
1 29 33
1 23 162
1 20 114
1 15 101
1 8 175
1 14 138
1 25 32
1 11 152
1 3 128
1 2 12
1 21 47
1 18 30
1 4 192
1 10 197
3 22 28
3 10 173
3 12 33
3 15 66
3 27 184
3 30 22
3 16 43
3 5 41
3 14 93
3 29 128
3 24 143
3 7 43
3 6 75
3 2 158
3 4 61
2 12 46
2 20 196
2 10 143
2 4 155
2 18 51
2 8 76
2 21 132
2 24 131
2 19 24
2 17 93
2 11 92
2 14 158
5 12 150
5 21 12
5 7 16
5 13 88
5 9 17
5 17 6
5 16 166
5 23 197
5 2 176
5 1 70
5 11 170
5 27 72
5 30 52
5 20 34
5 25 6
4 22 128
4 18 193
4 5 139
4 24 189
4 21 192
4 28 43
4 13 85
4 19 116
4 17 153
4 25 117
4 16 124
4 29 118
4 10 15
4 8 93
7 1 176
7 8 6
7 17 182
7 23 39
7 4 15
7 13 120
7 30 89
7 25 13
7 29 71
7 2 61
7 27 135
7 28 29
7 14 29
7 18 147
7 16 197
6 29 164
6 23 62
6 19 200
6 7 28
6 18 108
6 12 192
6 27 59
6 11 60
6 1 147
6 22 33
6 25 35
6 2 53
6 5 26
6 28 2
6 4 135
9 3 95
9 15 187
9 16 1
9 19 152
9 11 150
9 10 135
9 4 1
9 23 177
9 17 199
9 12 146
9 2 134
9 14 73
9 22 72
9 21 176
8 24 86
8 30 88
8 5 66
8 16 39
8 17 18
8 15 157
8 6 18
8 28 183
8 11 176
8 26 72
8 14 144
8 20 119
8 10 150
8 18 17
11 14 143
11 3 89
11 7 56
11 26 41
11 13 164
11 15 153
11 22 2
11 4 101
11 20 105
11 28 171
11 19 77
11 10 17
11 16 30
10 5 88
10 6 26
10 7 142
10 21 10
10 25 175
10 26 28
10 27 58
13 18 30
13 29 166
13 10 99
13 24 31
13 6 34
13 26 166
13 1 100
13 2 188
13 3 92
13 23 162
13 25 39
13 8 141
13 16 29
12 13 29
12 21 6
12 23 33
12 10 153
12 18 158
12 27 42
12 30 185
12 15 54
12 1 181
12 24 134
12 11 157
12 19 180
12 7 70
15 30 181
15 5 182
15 14 21
15 27 50
15 29 117
15 2 117
15 18 115
15 17 156
15 10 79
15 26 171
15 6 3
15 21 21
15 7 161
15 4 47
15 16 14
14 25 73
14 18 166
14 10 5
14 5 84
14 12 139
14 26 130
14 19 65
14 20 95
14 6 195
14 24 97
14 13 115
14 4 119
17 11 49
17 22 43
17 12 156
17 1 153
17 6 50
17 29 85
17 30 55
17 13 141
17 21 178
17 23 117
17 10 173
17 18 197
17 3 121
17 19 168
16 2 112
16 26 62
16 28 1
16 10 23
16 12 75
16 20 31
16 27 104
16 6 42
16 25 183
16 17 191
16 1 41
16 14 69
16 19 156
19 7 75
19 10 98
19 25 47
19 24 172
19 15 147
19 13 87
19 8 88
19 23 84
19 1 109
19 28 20
18 5 47
18 9 57
18 28 80
18 19 173
18 20 93
18 3 106
18 10 42
18 26 107
18 29 193
18 30 21
18 11 46
18 22 69
18 27 139
18 23 143
18 16 161
30 4 18
30 29 36
30 24 87
30 21 188
30 22 106
30 14 199
30 11 161
30 13 88
30 6 38
30 9 27
30 28 73
30 16 134
30 10 123
30 26 5
30 19 3
30
1 172
2 91
3 70
4 166
5 7
6 57
7 74
8 21
9 145
10 153
11 197
12 91
13 76
14 194
15 49
16 173
17 90
18 101
19 16
20 152
21 52
22 128
23 129
24 107
25 56
26 139
27 29
28 63
29 27
30 51
