UCS
9
5
400
24 2 194
24 15 101
24 22 137
24 25 62
24 27 53
24 17 127
24 23 176
24 1 183
24 3 129
24 5 83
24 20 66
24 18 16
24 10 136
24 26 23
24 4 98
24 13 38
25 19 178
25 2 59
25 20 120
25 29 154
25 16 98
25 26 12
25 7 43
25 21 99
25 17 126
25 28 39
25 3 77
26 14 140
26 29 64
26 27 160
26 17 31
26 4 112
26 7 69
26 20 55
26 12 177
26 10 4
26 22 198
27 4 49
27 7 4
27 14 140
27 15 198
27 20 52
27 30 3
27 22 23
20 10 135
20 11 119
20 16 90
20 17 157
20 21 9
20 30 116
21 23 1
21 24 134
21 26 80
21 27 152
21 3 186
21 4 93
21 29 69
21 7 165
21 9 39
21 19 168
21 1 190
21 28 109
21 13 39
21 2 159
21 15 170
21 11 88
22 7 135
22 5 47
22 13 189
22 6 69
22 9 26
22 18 172
22 20 171
22 12 183
22 11 41
22 14 200
22 21 177
22 25 149
22 29 33
23 27 175
23 17 159
23 16 2
23 25 128
23 22 148
23 10 5
23 20 107
23 29 169
23 5 75
23 15 115
23 26 69
23 9 33
28 13 161
28 1 71
28 23 112
28 30 41
28 10 165
28 22 17
28 26 162
28 17 39
28 4 189
28 3 166
28 20 99
28 7 107
28 27 167
28 11 56
28 18 91
29 17 12
29 28 142
29 6 89
29 27 72
29 24 150
29 1 9
29 30 161
29 20 72
29 8 29
29 4 189
29 9 64
29 10 144
29 16 190
1 27 66
1 30 118
1 3 121
1 7 171
1 6 173
1 2 194
1 8 147
1 23 180
1 9 147
1 20 41
1 18 109
1 14 31
1 25 183
1 26 78
1 10 199
1 22 53
3 26 121
3 15 59
3 11 194
3 10 65
3 20 136
3 27 141
3 18 69
3 16 56
3 12 164
3 29 20
3 14 183
3 7 20
3 19 168
2 12 39
2 28 124
2 29 9
2 7 78
2 30 143
2 4 10
2 26 44
2 15 75
2 3 153
2 6 17
2 20 133
2 22 109
2 27 63
2 19 65
5 1 21
5 16 93
5 9 74
5 17 138
5 25 171
5 8 79
5 14 130
5 15 187
5 21 69
5 20 128
5 6 144
5 4 161
5 2 136
5 7 48
5 26 61
5 30 154
5 19 55
5 29 6
4 15 155
4 17 147
4 23 180
4 16 42
4 1 152
4 25 161
4 12 185
4 14 65
4 11 110
4 20 24
4 30 19
4 3 86
4 8 132
7 4 179
7 6 158
7 29 26
7 14 111
7 18 28
7 24 195
7 16 174
7 30 29
7 17 44
7 19 184
7 8 129
7 23 80
7 12 45
7 20 85
6 10 193
6 9 181
6 4 14
6 25 197
6 12 102
6 21 17
6 20 166
6 24 183
6 26 155
6 18 40
6 3 50
6 23 62
6 30 173
6 27 163
6 28 25
9 8 124
9 14 192
9 26 191
9 20 9
9 28 182
9 27 124
9 24 38
9 7 163
9 25 104
9 19 76
9 4 118
9 3 97
8 11 78
8 10 107
8 18 164
8 6 103
8 26 126
8 27 116
8 24 31
8 13 40
8 22 85
8 2 127
8 25 124
8 23 136
8 20 180
8 28 154
8 12 12
8 3 11
11 25 194
11 6 26
11 29 112
11 17 127
11 18 174
11 10 77
11 7 61
11 12 58
11 9 78
11 26 176
11 23 171
11 13 153
11 24 107
11 2 179
11 15 11
11 5 74
11 27 2
10 7 65
10 30 44
10 19 80
10 27 165
10 9 34
10 14 155
10 2 24
10 21 129
10 4 126
10 16 108
13 3 122
13 10 61
13 2 85
13 20 95
13 4 72
13 30 149
13 6 142
13 23 125
13 5 169
13 27 59
13 29 34
13 15 63
13 9 7
13 25 192
13 17 51
13 12 75
13 19 190
13 26 117
12 29 25
12 15 135
12 1 35
12 5 43
12 18 20
12 25 71
12 10 128
12 28 120
12 23 95
12 9 51
12 27 125
12 24 134
12 20 41
12 14 165
15 18 102
15 28 186
15 25 139
15 8 107
15 30 53
15 6 77
15 10 42
15 29 21
15 22 83
14 21 87
14 25 77
14 29 146
14 24 54
14 19 127
14 20 152
14 13 148
14 28 41
14 11 161
14 16 12
14 23 172
17 10 182
17 21 56
17 8 76
17 27 34
17 2 32
17 22 152
17 12 99
17 3 176
17 14 61
17 19 193
17 1 188
17 18 181
17 9 152
17 15 181
16 22 108
16 9 120
16 28 94
16 24 55
16 27 98
16 8 8
16 13 184
16 26 52
16 6 80
16 11 106
16 17 8
16 2 161
16 12 65
16 21 2
16 30 135
19 27 74
19 6 29
19 29 53
19 15 172
19 1 82
19 4 157
19 11 177
19 22 20
19 20 49
19 28 188
19 8 89
19 26 12
19 12 5
19 30 59
19 24 22
19 16 193
18 5 124
18 13 50
18 27 16
18 21 14
18 2 163
18 29 89
18 20 118
18 16 76
18 23 173
18 25 154
18 14 53
18 10 95
18 26 93
30 9 102
30 11 5
30 23 65
30 14 49
30 8 195
30 21 75
30 26 109
30 18 177
30 17 132
30 22 162
30 12 17
30 24 91
30 3 162
30
1 108
2 101
3 194
4 122
5 56
6 178
7 122
8 176
9 55
10 163
11 105
12 22
13 179
14 18
15 24
16 182
17 82
18 177
19 115
20 153
21 199
22 133
23 18
24 144
25 15
26 148
27 119
28 194
29 54
30 176
