DFS
23
10
400
24 26 91
24 10 29
24 5 128
24 11 142
24 21 3
24 6 153
24 2 142
24 25 92
24 14 104
24 13 123
24 15 82
24 3 66
25 6 81
25 20 52
25 8 15
25 2 95
25 29 24
25 28 143
25 10 149
25 4 64
25 15 109
26 25 54
26 29 199
26 17 195
26 30 133
26 23 175
26 11 159
26 9 12
26 13 39
26 22 108
26 20 23
27 18 108
27 22 108
27 6 164
27 20 175
27 4 119
27 24 168
27 13 36
27 5 25
27 25 49
27 26 195
27 3 11
20 1 105
20 15 98
20 19 100
21 11 92
21 17 88
21 18 2
21 25 143
21 27 107
21 1 153
21 5 57
21 3 177
21 15 106
21 13 4
21 6 71
21 9 98
21 7 54
21 20 120
21 2 112
22 18 54
22 10 144
22 4 100
22 19 52
22 20 71
22 21 22
22 16 108
22 23 167
22 30 59
22 29 81
22 2 179
22 11 112
23 29 134
23 9 151
23 27 88
23 14 97
23 20 92
23 21 10
23 12 99
23 30 81
23 4 94
23 24 169
23 16 86
23 25 174
23 5 80
23 19 79
28 4 85
28 12 19
28 16 138
28 3 51
28 1 56
28 6 71
28 26 64
28 30 188
28 21 69
28 23 175
28 2 8
28 17 30
28 20 136
28 22 22
28 7 197
28 9 42
28 11 48
29 3 102
29 18 128
29 4 57
29 21 185
29 2 139
29 19 144
29 28 69
29 1 162
29 5 43
29 17 28
29 24 3
1 7 24
1 13 61
1 27 55
1 6 191
1 16 45
1 12 2
1 11 91
1 15 9
1 23 164
1 4 112
1 22 117
1 8 40
1 25 140
1 18 141
1 24 11
1 26 77
3 4 91
3 23 98
3 22 113
3 15 63
3 25 171
3 26 23
3 11 125
3 8 47
3 19 3
3 20 72
3 1 96
3 2 130
3 13 77
2 9 77
2 6 187
2 15 152
2 1 85
2 8 100
2 20 89
2 18 35
2 11 94
2 10 109
2 19 40
2 13 26
2 23 135
2 26 44
2 27 5
2 4 21
5 2 182
5 1 46
5 6 10
5 25 62
5 3 54
5 19 10
5 30 93
5 26 1
5 15 9
5 11 105
5 17 163
5 4 126
4 19 9
4 30 127
4 9 192
4 21 39
4 8 81
4 16 168
4 20 77
4 18 153
4 24 74
7 19 88
7 14 192
7 9 36
7 2 146
7 26 38
7 3 21
7 10 145
7 22 111
7 20 196
7 4 187
7 25 83
7 24 33
7 11 2
7 23 13
7 27 2
7 29 114
7 5 15
7 30 135
6 26 149
6 13 180
6 11 158
6 8 183
6 15 199
6 23 7
6 29 115
6 4 192
6 12 69
6 22 92
6 10 43
6 7 183
6 3 188
6 14 194
6 17 110
6 20 25
9 5 100
9 22 83
9 12 18
9 30 131
9 13 63
9 8 102
9 16 148
9 29 200
9 11 152
9 20 60
9 17 143
9 27 191
9 1 79
9 25 17
8 22 136
8 20 48
8 28 61
8 23 144
8 11 91
8 15 152
8 18 133
8 24 25
8 14 81
8 21 39
8 27 60
8 7 35
8 5 10
11 20 82
11 25 59
11 29 2
11 14 131
11 4 19
11 13 20
11 10 72
11 27 46
11 30 192
10 14 136
10 23 138
10 28 105
10 18 39
10 27 128
10 9 86
10 4 110
10 20 98
10 12 190
10 3 155
10 26 5
10 8 168
10 1 108
10 29 145
13 8 159
13 10 44
13 25 5
13 28 124
13 5 113
13 22 191
13 4 181
13 15 63
13 7 143
13 16 24
13 29 138
13 17 123
13 23 15
12 24 56
12 2 146
12 5 195
12 29 92
12 7 45
12 4 27
12 27 137
12 3 183
12 20 62
12 8 91
12 21 145
12 14 86
12 18 60
12 25 67
12 11 69
12 26 170
12 22 174
12 19 94
15 26 4
15 10 49
15 7 26
15 12 66
15 4 11
15 28 26
15 14 25
15 9 92
15 29 151
15 30 60
15 16 1
15 27 76
15 22 181
15 11 144
14 5 131
14 20 33
14 18 128
14 25 149
14 22 177
14 3 195
14 4 84
14 27 40
14 29 81
14 2 162
14 13 17
14 28 112
17 27 191
17 15 153
17 8 120
17 1 192
17 4 55
17 24 26
17 16 140
17 3 16
17 25 96
17 20 8
17 7 198
17 10 144
17 12 11
17 14 30
17 23 84
17 11 76
17 22 112
17 2 95
17 19 144
16 29 172
16 26 93
16 11 151
16 8 185
16 14 158
16 27 165
16 25 137
16 21 34
16 6 189
16 5 146
16 3 54
16 18 123
16 10 179
16 24 43
16 7 130
16 12 81
16 20 115
19 21 125
19 30 33
19 25 178
19 1 50
19 9 122
19 8 188
19 15 25
19 13 52
19 18 50
19 27 164
19 26 187
19 24 95
19 10 3
19 16 60
19 11 200
19 6 184
19 28 25
18 7 117
18 17 146
18 26 196
18 9 144
18 5 124
18 24 44
18 13 178
18 23 115
18 25 156
18 3 73
18 20 137
18 15 116
30 2 72
30 10 3
30 12 88
30 16 101
30 24 84
30 25 29
30 1 184
30 21 53
30 13 166
30 6 121
30 17 20
30 3 154
30 20 164
30 14 44
30 29 44
30
1 133
2 84
3 72
4 66
5 4
6 11
7 78
8 54
9 127
10 6
11 167
12 159
13 16
14 32
15 95
16 187
17 91
18 163
19 116
20 76
21 83
22 33
23 110
24 190
25 129
26 152
27 191
28 37
29 76
30 151
