UCS
4
16
400
24 11 52
24 23 9
24 1 16
24 15 2
24 28 136
24 19 180
24 26 65
24 12 34
24 5 69
24 8 62
24 7 104
24 3 155
24 10 43
24 18 34
24 22 134
24 4 158
24 21 86
24 13 145
25 12 13
25 16 122
25 19 63
25 26 150
25 14 127
25 9 28
25 22 129
25 4 16
25 6 72
25 24 151
25 27 122
25 7 110
25 21 55
25 5 133
25 23 5
25 18 93
26 14 144
26 16 175
26 9 38
26 23 141
26 29 145
26 6 53
26 18 110
26 5 190
27 28 22
27 1 43
27 13 91
27 21 39
27 24 152
27 16 19
27 20 148
27 9 172
27 18 109
27 30 88
27 26 27
27 10 176
27 6 65
20 23 103
20 24 44
20 26 53
20 3 176
20 29 7
20 19 82
20 22 74
20 7 60
20 25 164
20 15 88
20 1 43
20 16 94
20 12 156
20 2 54
20 6 39
21 5 83
21 4 77
21 16 100
21 18 42
21 22 13
21 8 85
21 11 21
21 6 187
21 7 55
21 26 154
21 23 23
21 28 88
21 17 48
21 3 129
21 13 133
21 20 44
22 11 130
22 8 108
22 27 37
22 16 154
22 5 187
22 1 200
22 3 46
22 7 89
22 26 144
22 14 92
22 17 126
22 30 54
22 10 1
22 29 11
22 6 169
23 12 90
23 8 162
23 10 74
23 28 52
23 27 123
23 4 38
23 17 79
23 19 101
23 6 47
28 16 11
28 14 167
28 20 128
28 26 169
28 11 172
28 1 108
28 12 45
28 22 140
28 2 14
28 9 90
28 5 7
28 29 115
28 25 127
28 3 17
29 15 146
29 24 79
29 14 36
29 25 19
29 9 179
29 11 100
29 27 111
29 23 140
29 21 7
1 14 29
1 17 7
1 26 33
1 13 131
1 4 1
1 21 41
1 25 78
1 23 162
1 9 178
1 29 147
1 8 119
1 18 85
1 11 23
1 3 155
3 2 94
3 8 33
3 10 136
3 30 69
3 11 142
3 27 61
3 18 18
3 23 23
3 13 106
3 29 107
3 6 61
2 7 88
2 23 40
2 27 15
2 17 157
2 5 130
2 19 172
2 15 20
2 9 122
2 29 197
2 21 28
2 18 86
2 26 154
2 1 51
2 24 92
2 6 76
2 10 183
5 1 19
5 29 199
5 20 156
5 27 160
5 15 56
5 23 185
5 14 77
5 10 165
5 3 20
5 4 113
5 9 87
4 3 194
4 6 31
4 15 59
4 27 40
4 13 135
4 26 36
4 17 22
4 22 88
4 20 148
4 19 141
4 9 198
4 18 91
4 29 195
4 28 115
4 7 171
7 13 69
7 29 111
7 3 96
7 18 1
7 26 121
7 23 17
7 27 190
7 19 28
7 12 177
7 10 1
7 16 187
7 14 76
7 5 149
6 9 192
6 28 102
6 11 197
6 17 190
6 24 164
6 13 159
6 5 163
6 12 4
6 18 5
6 30 11
6 15 135
6 10 57
6 7 74
9 7 142
9 24 85
9 12 71
9 17 196
9 21 144
9 8 71
9 3 191
9 30 180
9 22 57
9 19 141
9 18 67
9 13 67
9 10 67
9 23 121
8 16 90
8 19 2
8 12 167
8 2 9
8 29 189
8 28 8
8 25 80
8 27 3
8 6 175
8 5 163
8 4 188
8 7 125
8 20 150
8 14 125
8 15 37
8 18 12
11 7 198
11 20 91
11 12 52
11 8 117
11 27 104
11 4 11
11 10 77
11 18 57
11 9 172
11 15 124
11 25 98
11 2 197
11 26 198
10 26 114
10 1 152
10 25 107
10 29 161
10 4 107
10 14 150
10 28 188
10 20 73
10 21 136
10 18 13
10 8 19
13 15 80
13 11 145
13 14 161
13 26 34
13 18 199
13 28 115
13 8 47
13 20 119
13 2 37
13 12 33
13 22 26
13 23 57
13 10 191
13 5 174
13 25 108
12 3 155
12 18 8
12 26 139
12 10 130
12 4 111
12 17 160
12 21 36
12 29 60
12 19 95
12 1 28
12 5 69
15 21 99
15 9 113
15 3 163
15 14 188
15 28 49
15 26 192
15 19 132
15 25 89
15 23 114
15 7 5
15 27 45
15 18 191
15 12 53
15 10 45
15 1 52
14 20 124
14 21 174
14 18 47
14 12 17
14 6 188
14 30 86
14 11 46
14 23 106
14 2 71
14 9 196
14 27 172
14 17 194
14 4 24
17 29 127
17 5 12
17 18 66
17 19 102
17 8 138
17 10 161
17 24 166
17 20 92
17 26 158
17 25 101
17 27 168
17 15 1
17 16 158
17 3 158
16 18 99
16 3 108
16 12 161
16 13 13
16 2 193
16 24 4
16 15 22
16 5 149
16 9 130
16 23 179
16 14 16
16 1 79
16 4 184
16 6 155
16 29 128
19 29 124
19 10 118
19 5 165
19 6 38
19 11 3
19 26 11
19 22 93
19 27 93
19 28 16
19 14 45
19 13 57
19 1 149
19 3 66
19 16 183
18 19 45
18 20 104
18 22 97
18 30 70
30 4 49
30 5 199
30 25 120
30 24 40
30 20 157
30 7 67
30 28 44
30 11 155
30 12 65
30 10 27
30 26 176
30 17 195
30 1 180
30 8 39
30 19 53
30 29 176
30 16 83
30 23 97
30 13 108
30
1 31
2 157
3 166
4 76
5 43
6 113
7 196
8 35
9 64
10 175
11 148
12 69
13 84
14 95
15 143
16 197
17 108
18 198
19 20
20 153
21 21
22 145
23 91
24 26
25 130
26 148
27 172
28 180
29 149
30 49
