BFS
23
4
400
24 4 7
24 16 164
24 17 191
25 8 134
25 12 3
25 6 4
25 26 66
25 10 125
25 23 52
25 28 45
25 15 72
25 18 17
25 21 106
25 14 35
25 16 134
25 20 191
26 15 186
26 17 121
26 8 140
26 6 145
26 4 96
26 7 119
26 24 105
26 30 192
26 5 174
26 9 73
26 29 60
26 3 136
26 27 19
26 14 5
27 24 53
27 13 179
27 20 27
27 30 50
27 17 132
27 2 167
27 11 68
27 25 43
27 4 32
27 6 187
27 10 116
27 3 69
27 15 193
27 21 140
27 16 149
27 8 57
20 10 127
20 23 115
20 26 118
20 9 175
20 7 190
20 3 28
20 28 139
20 13 31
20 1 179
20 24 50
20 4 100
20 15 197
20 8 177
20 30 159
20 2 157
20 12 187
20 14 106
21 10 56
21 5 159
21 30 194
21 20 170
21 18 191
21 9 74
21 14 129
21 15 129
21 26 69
21 24 199
21 11 95
21 3 34
22 27 65
22 7 102
22 25 167
22 24 146
22 20 169
22 4 177
22 23 134
22 21 11
22 13 166
22 8 173
23 16 164
23 21 197
23 11 66
23 5 158
23 1 55
23 2 3
23 14 180
23 9 138
23 26 26
23 12 77
28 9 152
28 30 150
28 26 180
28 6 190
28 24 155
28 21 5
28 23 120
28 7 197
28 16 171
28 18 13
28 12 168
28 22 188
28 27 156
28 15 44
28 14 153
29 25 167
29 9 75
29 20 94
29 15 143
29 19 112
29 23 178
29 30 41
29 2 6
29 10 173
29 21 112
29 13 123
29 24 129
29 28 15
29 6 196
29 18 26
29 16 56
1 8 83
1 29 171
1 26 34
1 30 72
1 21 80
1 28 129
1 3 43
1 19 78
1 7 103
1 6 70
1 5 57
1 14 42
1 13 131
1 24 131
1 25 62
1 12 181
3 13 6
3 18 9
3 14 31
3 30 72
3 2 171
3 23 172
3 25 108
3 16 79
3 5 4
3 10 196
3 28 19
3 29 25
2 11 178
2 19 72
2 25 7
2 22 11
2 10 77
2 17 8
2 28 118
2 24 158
2 1 158
2 5 81
2 21 115
2 6 1
2 4 45
2 7 170
5 18 142
5 28 122
5 24 190
5 25 6
5 29 101
5 6 113
5 14 161
5 15 74
5 22 82
5 19 24
5 20 130
5 12 101
5 10 61
5 13 48
5 27 141
4 1 11
4 5 45
4 7 188
4 17 124
4 23 176
4 11 155
4 3 147
4 6 143
4 25 137
4 14 165
4 9 139
4 16 104
4 28 91
4 21 60
4 29 3
4 18 33
4 15 85
4 13 131
4 19 137
7 25 181
7 8 105
7 17 176
7 5 195
7 14 76
7 18 49
7 6 143
7 19 113
7 29 56
7 21 7
7 24 190
7 27 114
7 15 116
7 10 35
7 23 59
7 9 78
7 12 61
7 13 72
6 22 6
6 24 65
6 21 70
6 3 180
6 20 57
6 23 121
6 8 177
6 30 96
6 12 192
9 14 159
9 1 115
9 3 78
9 18 12
9 2 33
9 22 30
9 12 17
9 17 121
9 5 162
9 16 171
9 30 125
9 25 5
9 24 32
9 6 37
9 10 27
9 27 113
9 8 177
8 12 86
8 29 34
8 14 116
8 28 47
8 30 139
8 16 167
8 15 7
8 23 58
8 4 4
11 19 151
11 9 123
11 28 180
11 13 80
11 17 78
11 30 55
11 6 69
11 8 111
11 29 198
11 25 48
11 18 45
11 1 59
11 26 93
11 24 34
10 16 131
10 15 104
10 6 51
10 23 155
10 18 103
10 12 142
10 26 199
10 17 56
10 22 155
10 4 20
10 8 123
10 11 134
10 1 4
10 24 177
10 28 5
13 12 39
13 26 107
13 10 14
13 28 158
13 8 172
13 19 25
13 15 14
13 23 100
13 24 40
13 6 199
13 21 152
13 25 122
13 2 198
12 27 25
12 29 104
12 15 73
12 16 59
12 24 102
12 26 123
12 21 13
12 11 69
12 2 64
12 3 94
12 4 82
12 30 191
15 2 121
15 14 36
15 3 166
15 19 159
15 18 33
15 17 194
15 22 104
15 1 73
15 24 141
15 9 13
15 6 50
15 30 1
15 23 7
14 13 153
14 18 58
14 12 30
14 2 135
14 11 200
14 24 164
14 22 35
14 27 6
14 6 39
17 8 156
17 21 2
17 22 87
17 5 156
17 18 19
17 13 71
17 20 173
17 23 197
17 12 152
17 14 101
17 29 132
17 3 108
17 25 103
17 28 41
16 6 195
16 15 164
16 20 23
16 21 137
16 19 21
16 17 46
16 30 54
16 1 40
16 13 38
16 7 150
16 14 199
16 11 42
16 18 83
16 2 19
16 5 146
16 22 32
19 3 116
19 8 53
19 26 78
19 28 189
19 30 125
19 6 183
19 18 79
19 12 120
19 27 51
19 20 3
19 9 21
19 17 160
19 23 22
19 10 60
19 14 111
18 6 199
18 24 102
18 8 180
18 26 39
18 1 20
18 30 38
18 13 38
18 20 113
18 23 101
18 27 60
18 2 95
18 22 28
30 22 31
30 14 58
30 5 155
30 23 88
30 17 17
30 7 118
30 2 168
30 25 31
30 4 90
30 24 31
30 13 54
30 10 155
30
1 132
2 79
3 25
4 1
5 33
6 145
7 83
8 74
9 49
10 147
11 75
12 188
13 163
14 132
15 195
16 63
17 39
18 93
19 24
20 136
21 72
22 149
23 49
24 58
25 45
26 28
27 140
28 14
29 8
30 42
