BFS
13
2
400
24 10 126
25 26 31
25 15 72
25 28 72
25 5 24
25 2 49
25 3 12
25 27 153
25 18 147
25 17 85
25 6 45
25 4 110
25 12 112
25 19 192
25 10 186
25 14 185
25 20 28
26 5 123
26 15 149
26 8 20
26 1 171
26 29 190
26 21 5
26 22 134
26 10 188
26 24 63
26 6 6
26 7 80
26 18 163
26 27 48
26 23 128
26 14 164
27 11 61
27 18 119
27 15 166
27 21 58
27 20 194
27 5 76
27 3 33
27 9 164
27 22 5
27 24 1
20 23 114
20 14 125
20 22 189
20 8 22
20 18 101
20 17 171
20 30 8
20 26 145
20 1 21
20 4 143
20 7 83
20 15 104
20 24 108
20 9 51
20 21 192
20 2 33
21 6 1
21 19 134
21 8 116
21 12 31
21 9 137
21 11 95
21 7 119
21 24 152
21 25 99
21 23 161
21 2 69
21 14 3
21 3 10
21 15 187
22 19 33
22 7 43
22 25 93
22 15 84
22 9 200
22 21 131
22 2 141
22 5 82
22 14 103
22 18 146
22 24 23
22 17 43
22 10 97
23 27 28
23 18 107
23 13 142
23 12 80
23 24 150
23 29 25
23 1 26
23 7 105
23 30 153
23 14 90
23 15 112
23 8 138
23 25 198
23 22 113
28 7 159
28 10 162
28 14 27
28 24 156
28 23 132
28 26 18
28 27 125
28 18 87
28 16 72
28 22 39
28 21 13
28 17 46
28 20 143
28 2 30
28 6 129
28 13 22
29 3 37
29 21 199
29 25 57
29 19 190
29 15 3
29 13 107
29 2 156
29 5 143
29 17 131
29 8 29
29 1 83
29 27 133
29 20 48
29 28 95
29 6 95
29 10 145
1 27 6
1 6 125
1 30 76
1 3 152
1 9 107
1 28 193
1 13 100
1 24 138
1 25 122
1 8 62
1 14 122
3 4 16
3 8 104
3 24 23
3 17 176
3 10 112
3 20 56
3 28 84
3 5 120
3 7 62
3 14 17
3 15 38
3 23 122
3 13 79
3 16 20
3 18 47
3 26 165
3 22 193
2 12 171
2 1 196
2 23 178
2 30 7
2 26 171
2 9 110
2 18 173
2 3 154
2 24 87
2 27 145
5 1 52
5 10 14
5 23 134
5 11 99
5 28 152
5 19 2
5 7 49
5 24 184
5 21 118
5 16 83
5 8 57
4 2 75
4 5 113
4 29 97
4 11 98
4 22 73
4 23 90
4 6 196
4 30 64
4 26 24
4 28 148
4 1 155
4 21 3
4 18 131
4 27 17
4 7 151
4 15 45
7 25 126
7 30 105
7 29 32
7 24 79
7 2 200
7 9 16
7 11 78
7 15 17
6 9 89
6 20 156
6 22 140
6 30 9
6 24 143
6 15 118
6 7 58
6 19 111
6 17 43
6 2 97
6 3 141
6 27 154
9 11 169
9 26 15
9 4 85
9 15 179
9 28 124
9 25 149
9 23 144
9 3 113
9 24 195
9 13 97
9 29 161
9 14 134
9 5 190
8 19 134
8 2 9
8 24 190
8 17 53
8 4 41
8 6 68
8 25 140
8 7 144
8 9 139
8 22 162
8 30 148
8 11 144
8 28 94
11 13 60
11 24 80
11 22 158
11 6 160
11 3 132
11 2 152
11 1 120
11 29 68
11 15 106
11 12 145
11 14 22
11 20 136
11 26 86
10 6 159
10 15 64
10 18 138
10 1 184
10 23 6
10 14 141
10 13 77
10 7 199
10 11 68
10 20 148
10 30 105
10 17 24
10 4 103
10 8 116
10 9 45
10 21 59
10 2 40
13 12 47
13 5 138
13 27 162
13 19 87
13 20 84
13 21 107
13 7 95
13 24 42
13 4 61
13 17 179
13 8 126
13 25 109
13 26 139
12 28 130
12 10 78
12 17 32
12 22 105
12 18 6
12 30 110
12 15 111
12 29 57
12 24 104
12 6 125
12 7 47
12 5 16
12 27 19
12 20 138
12 3 183
12 1 80
12 9 124
12 26 29
12 14 173
15 2 198
15 13 58
15 14 25
15 30 32
15 8 135
15 16 196
15 1 125
15 18 99
15 28 29
15 24 64
14 7 18
14 17 69
14 16 136
14 29 104
14 4 152
14 2 171
14 30 145
14 13 96
14 8 159
14 5 199
14 27 105
14 6 87
17 2 78
17 26 67
17 21 104
17 23 96
17 1 38
17 16 71
17 4 195
17 24 51
17 5 108
17 9 8
17 27 178
17 15 125
17 7 57
17 11 13
16 7 172
16 8 105
16 9 139
16 23 62
16 2 1
16 20 27
16 27 177
16 1 81
16 25 86
16 29 145
16 11 61
16 21 125
16 12 62
16 13 42
16 24 181
16 6 60
16 10 139
19 1 166
19 4 28
19 9 139
19 11 52
19 24 147
19 3 23
19 14 176
19 23 181
19 7 170
19 20 102
19 12 120
19 17 124
19 15 158
19 2 139
19 16 154
19 26 198
18 1 197
18 16 189
18 29 78
18 5 93
18 9 22
18 19 93
18 8 6
18 21 141
18 17 11
18 7 107
18 14 75
18 11 156
18 13 132
30 11 59
30 24 129
30 22 33
30 25 18
30 13 81
30 19 134
30 16 132
30 28 197
30 26 78
30 5 92
30 27 190
30 3 45
30 29 196
30 18 95
30
1 69
2 114
3 179
4 117
5 54
6 172
7 195
8 10
9 47
10 122
11 33
12 28
13 165
14 143
15 4
16 7
17 94
18 171
19 135
20 71
21 38
22 123
23 65
24 184
25 74
26 81
27 22
28 121
29 100
30 83
