DFS
26
4
400
24 25 54
24 3 185
24 16 17
24 2 136
24 21 63
24 11 83
24 4 171
24 28 132
24 10 181
24 19 36
24 15 55
24 27 117
24 22 169
24 30 16
24 17 151
24 18 121
24 13 190
25 12 151
25 22 19
25 2 111
25 15 183
25 3 47
25 1 196
25 17 160
25 16 170
25 23 158
25 7 44
25 20 32
26 8 112
26 23 198
26 29 60
26 30 98
26 11 190
26 12 71
26 5 44
26 25 80
26 27 80
26 24 49
26 15 107
26 19 27
27 6 70
27 25 95
27 2 187
27 23 103
27 13 162
27 19 37
27 12 129
27 30 70
27 5 79
20 13 44
20 21 190
20 30 56
20 26 154
20 19 55
20 6 39
20 18 96
20 2 119
20 24 159
20 11 29
20 7 83
20 22 44
20 5 83
20 16 69
20 27 93
21 4 148
21 7 72
21 9 22
21 16 93
21 26 22
21 27 75
21 19 188
21 18 129
21 8 152
21 12 147
21 29 75
21 14 134
21 15 92
21 1 119
22 13 72
22 29 124
22 2 156
22 8 149
22 6 161
22 12 37
22 27 97
22 26 8
22 28 110
22 17 182
22 1 60
22 14 5
23 24 80
23 21 160
23 19 67
23 2 39
23 9 146
23 15 59
23 22 50
23 20 186
23 10 135
23 7 192
23 11 166
28 1 60
28 13 173
28 23 7
28 12 87
28 20 21
28 21 197
28 8 86
28 30 51
28 14 146
28 9 29
28 18 177
28 3 31
28 26 42
28 7 22
28 15 110
28 27 151
29 20 90
29 7 139
29 25 156
29 17 117
29 11 110
29 24 186
29 18 87
29 12 167
29 27 92
29 14 56
29 23 26
29 6 25
29 28 30
29 16 49
29 2 131
29 3 111
1 4 77
1 24 28
1 27 121
1 15 119
1 23 197
1 30 194
1 10 197
1 13 144
1 20 94
1 2 20
1 26 147
3 27 86
3 13 75
3 17 49
3 9 94
3 26 168
3 11 114
3 19 196
3 8 159
3 5 193
3 20 122
3 23 195
3 22 124
3 15 111
3 18 146
3 1 152
3 21 146
2 21 43
2 28 43
5 16 126
5 1 185
5 9 120
5 29 31
5 14 41
5 15 60
5 21 162
5 25 10
5 22 6
5 28 143
5 23 51
5 13 16
5 2 105
4 10 61
4 19 181
4 27 122
4 14 157
4 22 55
4 5 114
4 16 167
4 26 175
4 18 174
4 28 137
4 8 7
4 29 20
4 11 20
4 15 22
4 17 4
4 3 73
4 20 118
4 12 162
4 25 62
7 17 82
7 26 93
7 18 183
7 4 26
7 16 173
7 10 141
7 9 111
7 27 157
7 1 67
7 24 75
7 2 152
7 3 172
7 13 110
7 19 37
7 22 142
6 10 46
6 12 3
6 3 162
6 23 6
6 25 139
6 5 143
6 28 116
6 19 56
6 13 130
6 7 18
6 26 140
6 4 95
6 21 133
6 9 72
6 2 195
6 17 184
6 24 189
6 8 188
6 1 95
6 11 41
9 1 194
9 25 48
9 27 163
9 29 93
9 26 133
9 11 58
9 20 32
9 24 14
9 22 63
9 13 41
9 17 115
9 14 34
8 15 28
8 18 1
8 24 18
8 2 167
8 5 22
8 12 199
8 25 53
8 14 195
8 20 81
8 13 37
8 7 23
8 17 72
8 9 97
8 27 184
8 23 133
8 29 75
8 30 199
8 1 78
11 5 12
11 7 112
11 30 11
11 19 85
11 2 135
11 15 98
11 27 45
11 14 33
11 22 51
11 13 143
11 18 66
11 10 66
11 25 191
11 28 156
10 5 45
10 21 92
10 13 5
10 26 117
10 19 72
10 8 86
10 27 85
10 2 84
10 20 112
10 25 142
10 22 195
10 16 175
10 3 51
10 9 69
10 28 145
13 21 151
13 26 105
13 12 50
13 15 126
13 25 90
13 23 26
13 18 52
13 4 101
13 29 137
12 11 99
12 17 116
12 10 180
12 15 54
12 16 64
12 19 81
12 23 61
12 7 48
12 5 128
12 24 58
12 9 56
12 2 44
15 9 42
15 29 102
15 6 135
15 30 75
15 7 70
15 14 45
15 17 66
15 20 160
15 19 188
15 2 118
15 22 27
15 27 119
14 2 158
14 24 69
14 12 69
14 23 162
14 6 56
14 25 42
14 3 35
14 27 8
14 16 64
14 7 100
14 26 17
14 1 84
14 13 176
14 10 69
14 20 86
17 5 102
17 26 130
17 1 123
17 10 108
17 14 56
17 20 168
17 27 86
17 21 149
17 11 163
17 30 143
16 22 169
16 23 190
16 17 135
16 3 155
16 11 76
16 6 128
16 26 92
16 9 163
16 30 121
16 27 94
16 1 127
16 28 143
16 18 174
16 15 140
19 17 4
19 14 61
19 2 57
19 25 45
19 30 142
19 16 135
19 13 92
19 1 123
19 8 143
18 14 98
18 23 45
18 1 135
18 26 3
18 19 167
18 25 119
18 12 72
18 2 48
18 27 85
18 5 164
18 17 138
18 9 158
18 6 42
18 15 89
18 22 94
30 3 114
30 10 67
30 6 93
30 7 83
30 21 125
30 18 9
30 29 59
30 12 28
30 5 172
30 23 115
30 9 130
30 25 175
30 13 116
30 14 199
30 2 104
30 22 78
30
1 78
2 94
3 94
4 38
5 54
6 147
7 55
8 104
9 88
10 176
11 136
12 10
13 176
14 11
15 175
16 182
17 173
18 71
19 1
20 29
21 196
22 154
23 120
24 14
25 147
26 101
27 23
28 131
29 95
30 84
