UCS
25
13
400
24 4 129
24 1 113
24 3 81
24 28 7
24 15 78
24 19 89
24 12 38
24 16 42
24 10 60
24 6 197
24 27 44
24 9 133
25 21 1
25 27 91
25 22 197
25 30 35
25 3 140
25 2 13
25 10 127
25 11 141
25 8 183
25 9 145
25 29 166
25 24 134
25 7 85
25 6 68
25 15 10
25 28 105
26 22 126
26 20 178
26 11 13
26 12 158
26 5 69
26 16 158
26 14 158
26 25 177
26 28 28
26 8 159
26 18 60
26 17 10
27 1 169
27 17 116
27 23 113
27 29 117
27 12 144
27 30 189
27 26 150
27 4 71
27 21 31
20 14 182
20 24 69
20 1 186
20 6 19
20 29 71
20 23 107
20 21 147
20 27 166
20 13 53
20 11 183
20 10 126
20 25 140
20 12 125
21 14 165
21 10 149
21 6 85
21 28 193
21 24 182
21 9 96
21 7 39
21 2 74
21 11 109
21 15 146
21 19 113
21 18 8
21 26 54
22 30 117
22 20 45
22 21 57
22 28 81
22 5 17
22 23 191
22 4 101
22 18 27
22 7 77
22 9 46
23 21 172
23 26 179
23 15 17
23 18 12
23 11 102
23 24 16
23 12 65
23 9 145
23 3 158
23 8 34
23 6 135
23 25 130
23 7 92
28 2 111
28 17 182
28 10 157
28 18 192
28 20 144
28 30 14
28 3 114
28 12 125
28 6 62
28 29 26
28 11 130
28 9 159
28 27 148
29 13 125
29 21 48
29 17 9
29 8 148
29 3 164
29 15 94
29 22 134
29 11 92
29 30 91
29 24 33
29 6 62
29 7 6
29 16 9
29 4 116
29 23 176
1 10 73
1 12 76
1 25 62
1 29 47
1 30 172
1 11 55
1 21 92
1 17 37
1 13 119
1 22 63
1 9 84
1 5 190
1 28 19
1 18 40
1 23 102
1 26 194
1 16 14
1 8 27
1 19 5
1 14 124
3 17 171
3 30 42
3 18 178
3 20 98
3 22 102
3 26 94
3 10 108
3 27 68
3 1 165
3 11 190
2 22 199
2 6 172
2 11 4
2 3 132
2 30 131
2 20 63
2 7 122
2 15 29
2 5 43
2 24 29
2 4 31
2 29 59
2 18 5
2 26 193
2 1 167
2 10 156
2 17 60
2 8 194
5 15 178
5 23 175
5 3 118
5 28 199
5 20 94
5 17 77
5 13 80
5 27 26
5 7 35
5 21 76
5 18 165
5 11 21
5 25 146
4 13 169
4 19 154
4 10 194
4 26 49
4 5 56
4 23 135
4 1 55
4 16 114
4 17 135
4 21 20
4 3 68
4 28 101
4 11 90
4 25 16
4 9 175
4 12 34
7 9 64
7 10 88
7 28 141
7 15 46
7 3 140
7 19 178
7 18 162
7 27 198
7 20 38
7 30 192
7 24 188
7 1 2
6 30 64
6 18 46
6 17 83
6 27 112
6 10 130
6 3 67
6 26 92
6 15 186
6 22 115
6 16 77
6 7 70
6 5 161
6 12 11
6 9 109
6 1 134
9 29 17
9 11 181
9 3 196
9 5 147
9 2 180
9 20 144
9 18 152
9 16 148
9 26 37
9 27 180
9 14 120
9 17 186
9 10 95
9 8 109
9 30 74
9 15 165
8 28 171
8 20 17
8 7 48
8 30 69
8 14 21
8 3 27
8 10 194
8 24 73
8 13 1
8 6 60
8 12 118
8 11 124
8 22 133
8 4 94
11 6 105
11 7 25
11 15 147
11 24 175
11 27 142
10 27 144
10 30 58
10 14 30
10 12 152
10 5 175
10 29 149
10 18 58
10 23 141
10 11 26
10 15 86
10 17 104
10 26 91
13 14 9
13 19 33
13 7 13
13 2 73
13 12 35
13 28 185
13 6 138
13 18 37
13 11 120
13 10 187
13 25 20
13 27 88
13 24 98
13 23 141
13 9 103
13 3 156
13 26 88
13 21 153
13 17 156
13 22 183
13 15 136
13 16 37
12 18 18
12 2 189
12 7 136
12 5 136
12 22 71
12 19 1
12 21 199
12 16 134
12 11 105
12 25 172
12 29 128
12 30 35
15 3 132
15 8 7
15 20 119
15 26 160
15 28 112
15 22 48
15 30 193
15 12 142
15 14 121
15 4 149
14 18 116
14 4 82
14 7 86
14 11 81
14 25 147
14 6 54
14 24 9
14 2 137
14 23 94
14 3 100
14 29 2
14 28 108
17 16 75
17 14 46
17 24 153
17 8 155
17 23 106
17 21 156
17 25 97
17 15 150
17 20 60
17 22 78
17 7 6
17 12 119
17 11 196
16 8 86
16 25 162
16 22 69
16 23 113
16 11 125
16 28 133
16 27 190
16 2 125
16 3 194
16 20 21
16 14 110
16 7 60
16 21 31
19 2 25
19 29 10
19 11 42
19 26 64
19 3 33
19 22 55
19 18 193
19 14 41
19 23 89
19 20 134
19 5 12
19 10 98
19 17 19
19 25 177
19 9 173
19 8 166
19 6 151
19 16 28
19 27 138
18 24 52
18 4 139
18 15 175
18 29 197
18 11 190
18 17 89
18 25 78
18 8 178
18 27 63
18 20 47
18 30 42
30 5 24
30 23 180
30 21 139
30 24 42
30 14 98
30 16 7
30 26 77
30 17 27
30 4 90
30 11 12
30 13 79
30
1 124
2 84
3 150
4 143
5 140
6 160
7 151
8 50
9 150
10 184
11 124
12 139
13 34
14 1
15 92
16 15
17 167
18 134
19 12
20 90
21 21
22 9
23 193
24 183
25 40
26 184
27 8
28 186
29 175
30 5
