UCS
17
4
400
24 14 182
24 17 176
24 22 83
24 29 7
24 3 33
24 28 116
24 19 108
24 20 153
24 12 4
24 18 81
24 2 194
24 10 5
24 1 184
24 5 13
24 8 108
25 11 73
25 13 194
25 21 141
25 28 21
25 27 97
25 14 57
25 22 83
25 30 127
25 2 62
25 29 112
25 12 15
25 9 168
25 24 155
25 18 12
25 3 105
25 7 83
25 5 24
26 7 104
26 27 59
26 8 70
26 6 174
26 2 149
26 25 156
26 24 1
26 28 105
26 29 61
26 5 151
26 23 75
26 18 171
27 2 151
27 16 199
27 19 61
27 23 180
27 11 169
27 8 195
27 18 35
27 20 25
27 3 190
27 13 2
27 4 9
27 9 46
27 17 136
27 24 121
20 25 29
20 26 67
20 23 19
20 21 147
20 14 53
20 10 124
20 16 28
20 15 139
20 8 137
20 12 185
20 28 132
20 4 86
20 29 66
20 7 91
21 26 147
21 16 114
21 10 18
21 9 98
21 17 134
21 8 51
21 4 50
21 23 167
21 12 71
21 27 4
21 24 144
21 28 104
21 22 113
21 6 163
21 19 198
21 2 74
21 7 38
21 14 121
21 5 151
22 10 77
22 5 157
22 11 186
22 3 19
22 18 15
22 23 96
22 13 197
22 26 47
22 19 98
22 14 142
22 12 187
22 29 153
22 8 14
22 20 5
22 4 16
22 2 65
22 15 36
22 7 147
23 18 112
23 24 1
23 25 3
23 30 150
28 4 32
28 12 2
28 5 28
28 15 118
28 7 142
28 29 65
28 1 147
28 13 146
28 22 123
28 14 62
28 23 100
28 10 38
28 9 90
29 2 101
29 9 49
29 21 24
29 27 118
29 23 70
29 18 58
1 14 4
1 21 69
1 2 159
1 3 154
1 18 13
1 7 61
1 22 129
1 16 19
1 12 68
1 27 22
1 6 65
1 15 97
1 8 94
1 23 143
1 29 153
1 9 157
1 5 164
1 4 186
1 20 151
1 10 119
1 17 25
1 26 134
3 26 167
3 23 57
3 6 158
3 28 45
3 18 167
3 8 155
3 13 115
3 4 68
3 9 11
3 29 43
3 2 96
3 10 189
3 17 25
3 20 197
3 7 167
2 17 47
2 30 13
2 6 164
2 28 90
2 19 130
2 9 1
5 19 20
5 30 121
5 27 146
5 23 119
5 20 156
5 2 7
5 18 64
5 9 85
5 11 134
5 4 146
5 29 189
4 9 145
4 30 180
4 18 146
4 13 2
4 25 51
4 12 153
4 17 146
4 2 19
4 23 47
4 29 174
4 15 171
4 7 55
7 23 64
7 6 18
7 16 79
7 24 8
7 15 21
7 9 31
7 14 134
7 19 164
7 2 148
7 10 149
7 18 132
6 20 190
6 25 1
6 28 139
6 8 31
6 13 86
6 29 4
6 22 22
6 18 89
6 5 88
6 9 26
6 27 13
6 24 59
9 22 173
9 10 144
9 15 25
9 11 188
9 16 188
9 18 8
9 19 118
9 12 21
9 17 177
9 24 143
9 26 32
9 14 78
9 23 110
8 30 46
8 9 39
8 28 186
8 7 165
8 5 12
8 2 103
8 17 12
8 10 125
8 25 155
8 23 29
8 29 61
8 16 103
8 14 60
8 4 196
11 1 158
11 21 62
11 7 19
11 4 138
11 13 194
11 29 97
11 24 88
11 14 79
11 26 167
11 8 124
11 19 140
11 15 24
11 10 168
11 23 12
11 3 150
11 6 127
10 23 200
10 27 76
10 14 58
10 19 161
10 5 158
10 30 155
10 16 41
10 12 68
10 4 182
10 17 25
10 2 75
10 29 173
10 25 97
10 6 25
10 13 136
10 26 49
13 5 168
13 15 54
13 26 14
13 9 76
13 16 105
13 21 24
13 8 88
13 23 196
13 1 17
13 2 176
12 11 32
12 23 95
12 27 157
12 5 137
12 16 80
12 6 73
12 30 87
12 7 92
12 26 141
12 2 160
12 3 199
12 29 138
12 17 132
12 8 74
12 18 125
12 13 50
15 3 75
15 27 87
15 18 141
15 19 37
15 8 66
15 6 149
15 21 158
15 2 21
15 12 150
15 5 14
15 29 28
15 10 30
15 25 60
15 24 54
14 5 2
14 4 137
14 19 197
14 15 5
14 2 124
14 26 83
14 12 70
14 29 110
14 18 78
14 13 24
14 23 164
14 17 161
14 3 17
14 16 190
17 15 70
17 18 112
17 30 152
17 26 100
17 13 162
17 23 48
17 6 81
17 5 16
17 29 190
17 7 23
17 19 43
17 11 198
17 28 36
17 25 60
16 30 96
16 5 129
16 23 180
16 6 173
16 4 156
16 29 177
16 2 75
16 25 115
16 28 90
16 11 136
16 24 31
16 22 117
16 17 73
16 3 9
19 26 102
19 25 131
19 8 119
19 13 175
19 20 128
19 18 175
19 28 89
19 23 51
19 6 199
19 16 66
19 29 161
18 8 49
18 10 115
18 20 164
18 2 143
18 13 187
18 21 26
18 28 110
18 11 33
18 30 86
18 16 168
30 6 174
30 22 175
30 3 70
30 27 95
30 1 140
30 26 76
30 28 109
30 9 186
30 19 136
30 13 7
30 7 45
30 21 163
30 29 118
30 15 52
30 11 1
30 14 3
30 20 131
30
1 118
2 44
3 136
4 111
5 35
6 103
7 57
8 83
9 30
10 130
11 3
12 42
13 144
14 173
15 151
16 133
17 7
18 59
19 97
20 198
21 172
22 68
23 199
24 21
25 194
26 133
27 51
28 53
29 192
30 5
