UCS
23
14
400
24 10 49
24 7 102
24 23 190
24 17 71
24 1 18
24 19 189
24 4 18
24 30 54
24 14 56
24 3 179
25 6 34
25 18 184
25 22 156
25 13 108
25 23 85
25 15 133
25 1 191
25 26 114
25 10 1
25 3 117
25 2 123
25 16 72
25 12 109
25 17 192
26 14 62
26 6 16
26 28 126
26 5 146
26 11 69
26 20 152
26 24 62
26 12 93
26 18 31
26 23 24
26 3 168
26 8 4
26 4 83
26 17 136
26 30 80
27 5 165
27 15 178
27 26 81
27 29 71
27 22 88
27 10 57
27 7 81
27 4 41
27 9 159
27 19 58
27 6 176
27 21 149
27 16 182
27 24 5
27 12 102
27 3 185
27 25 3
20 23 109
20 4 49
20 25 104
20 1 189
20 12 142
20 16 65
20 19 47
20 9 193
20 7 113
20 17 152
20 5 8
20 24 19
21 12 8
21 16 195
21 7 149
21 19 63
21 30 51
21 1 138
21 8 161
21 18 127
21 25 171
21 17 41
21 28 33
21 20 32
21 24 161
21 26 111
22 3 10
22 26 192
22 10 122
22 7 94
22 28 4
22 11 129
22 2 156
22 13 139
22 8 42
22 30 119
22 24 110
22 4 142
22 23 137
22 15 102
22 17 83
22 5 166
22 16 85
22 14 148
22 21 6
22 20 77
23 4 64
23 8 141
23 21 23
23 27 93
28 13 177
28 16 106
28 24 193
28 27 105
28 12 79
28 7 90
28 20 56
28 14 72
28 30 11
28 8 66
28 1 30
28 19 120
28 17 190
28 25 14
29 17 53
29 24 181
29 22 158
29 3 192
29 26 169
29 23 192
29 20 196
29 11 185
29 21 197
29 19 70
29 25 28
29 28 173
29 1 138
29 16 16
29 6 25
29 12 149
29 5 148
1 13 106
1 12 194
1 30 30
1 19 178
1 26 130
1 27 135
1 22 29
1 2 69
1 16 93
1 8 171
3 9 177
3 10 20
3 7 72
3 4 122
3 20 147
3 1 42
3 8 133
3 18 112
3 19 164
3 28 6
3 23 190
3 17 9
3 15 17
2 24 128
2 27 150
2 6 177
2 12 31
2 20 39
2 21 137
2 23 89
2 26 48
2 9 127
2 11 22
2 29 32
2 10 113
5 7 150
5 28 13
5 30 31
5 3 170
5 13 144
5 23 37
5 12 76
5 11 138
5 2 163
5 24 93
5 21 168
5 4 143
5 6 85
5 15 35
5 17 166
5 10 64
5 1 169
5 25 128
4 2 11
4 18 59
4 19 106
4 25 10
4 8 21
4 13 168
4 16 112
4 21 48
4 11 73
4 1 197
4 7 88
4 28 50
7 10 122
7 13 121
7 1 183
7 29 167
7 26 197
7 15 98
7 23 78
7 2 195
7 12 10
7 30 22
7 25 122
7 8 155
6 13 185
6 23 164
6 14 45
6 22 135
6 20 157
6 19 170
6 11 187
6 17 78
6 21 98
6 7 152
6 15 88
6 24 112
6 9 13
6 30 95
6 18 185
6 28 5
9 4 32
9 24 52
9 18 141
9 16 44
9 11 110
9 7 150
9 1 56
9 28 34
9 25 53
9 17 60
9 22 92
9 21 62
8 29 90
8 24 96
8 6 191
8 27 180
8 2 197
8 12 186
8 10 184
8 13 50
8 5 4
8 30 84
11 8 115
11 21 139
11 16 118
11 18 108
11 3 199
11 30 159
11 19 182
11 24 8
11 23 147
11 7 137
11 20 75
11 28 163
11 1 160
11 27 151
10 11 53
10 1 95
10 29 125
10 9 125
10 18 2
10 28 146
10 30 110
10 21 101
10 20 156
10 23 7
10 19 138
10 26 146
10 17 137
13 27 148
13 23 196
13 29 29
13 26 85
13 15 29
13 12 138
13 17 128
13 20 1
13 16 191
13 21 64
13 3 79
13 9 15
13 2 90
13 11 97
13 10 200
12 14 70
12 22 119
12 4 117
12 10 191
12 9 174
12 24 158
12 23 154
12 16 122
12 6 189
12 11 132
15 20 130
15 8 50
15 11 58
15 21 122
15 12 72
15 30 129
15 9 120
15 1 50
15 28 16
15 23 1
15 29 55
15 4 148
15 26 42
15 10 33
15 17 43
15 19 142
15 2 163
14 4 53
14 20 156
14 7 11
14 23 60
14 10 41
14 15 137
14 2 162
14 11 141
14 8 74
14 9 29
14 19 169
14 3 149
14 29 17
14 5 137
14 27 111
14 16 124
14 30 149
17 14 99
17 16 107
17 2 22
17 23 13
17 12 134
17 27 88
17 30 199
17 7 17
17 11 159
17 1 98
17 4 186
16 15 60
16 3 119
16 6 6
16 8 10
16 2 97
16 24 44
16 7 190
16 10 196
16 23 55
16 30 181
16 18 157
16 26 19
19 16 146
19 9 138
19 8 181
19 22 16
19 26 61
19 25 17
19 7 16
19 12 35
19 2 81
19 23 23
19 18 7
19 17 34
19 13 157
19 5 179
18 1 148
18 22 117
18 15 7
18 14 135
18 23 166
18 13 92
18 2 5
18 28 57
18 30 50
18 20 92
18 27 26
18 17 20
18 29 72
18 12 30
18 5 143
18 7 15
30 29 80
30 3 122
30 23 42
30 25 88
30 9 31
30 2 102
30 19 75
30 20 163
30 27 112
30
1 194
2 189
3 136
4 198
5 179
6 15
7 72
8 199
9 46
10 44
11 43
12 182
13 134
14 191
15 43
16 39
17 162
18 91
19 38
20 86
21 165
22 146
23 157
24 71
25 47
26 8
27 142
28 78
29 82
30 183
