UCS
18
21
400
24 6 102
24 8 123
24 15 40
24 29 111
24 3 47
24 5 185
24 11 91
24 10 110
24 19 123
24 12 6
24 20 10
25 15 31
25 6 69
25 4 150
25 16 99
25 24 68
25 10 162
25 19 69
25 14 183
25 8 192
25 27 34
25 28 18
25 1 12
25 5 189
25 29 177
25 26 109
26 1 95
26 3 20
26 13 158
26 4 13
26 14 65
26 10 113
26 28 111
26 24 35
26 12 58
26 21 168
26 20 158
26 30 8
27 20 162
27 30 25
27 26 164
27 24 59
27 15 157
27 23 90
27 6 22
27 5 175
27 3 60
27 2 91
27 18 61
27 21 169
27 14 128
20 30 95
20 22 123
20 15 104
20 9 194
20 12 21
20 2 17
20 23 161
20 7 19
20 14 154
20 6 180
20 5 25
20 1 9
20 13 56
20 18 100
21 3 125
21 15 4
21 28 20
21 7 186
21 12 101
21 10 157
21 20 112
21 11 144
21 14 62
21 29 10
21 2 122
21 8 101
21 24 41
21 18 165
22 10 52
22 26 117
22 4 185
22 23 2
22 7 142
22 6 106
22 5 63
22 3 186
22 13 148
22 21 10
22 9 191
22 18 29
22 27 78
22 17 12
22 24 69
22 15 11
23 26 151
23 28 124
23 12 184
23 8 96
23 21 110
23 2 153
23 4 92
23 24 33
23 6 40
23 14 171
23 11 145
23 3 61
28 30 118
28 22 39
28 5 187
28 19 20
28 1 29
28 11 15
28 14 121
28 20 49
28 13 29
28 7 127
28 4 97
28 3 9
28 24 161
28 29 146
29 13 17
29 18 174
29 16 173
29 5 186
29 30 87
29 26 15
29 22 40
29 3 114
29 7 159
29 23 132
1 10 121
1 27 6
1 5 110
1 23 138
1 22 117
1 6 170
1 9 22
1 8 123
1 18 4
1 17 16
1 29 168
1 7 6
1 21 35
1 24 66
1 2 6
1 13 112
1 16 141
3 7 135
3 25 62
3 16 92
3 17 153
3 14 195
3 5 135
3 13 29
3 30 165
3 10 27
3 1 116
3 9 89
2 28 45
2 5 116
2 24 28
2 29 101
2 10 5
2 19 133
2 6 175
2 25 89
2 22 166
2 13 163
2 11 180
2 26 30
2 30 15
2 15 74
5 12 47
5 21 87
4 2 178
4 3 128
4 9 38
4 17 28
4 24 69
4 1 60
4 29 56
4 11 57
4 10 57
4 20 42
4 13 56
4 27 62
4 18 150
4 6 37
4 21 23
4 30 134
4 8 194
4 5 169
7 11 49
7 2 14
7 6 80
7 30 64
7 5 102
7 14 20
7 27 120
7 16 199
7 4 116
7 15 82
7 24 73
7 23 77
7 25 121
7 26 184
6 30 88
6 29 183
6 26 78
6 28 87
6 21 57
6 5 132
6 15 148
6 9 7
6 17 105
6 19 24
6 13 158
6 10 108
6 3 133
9 5 43
9 14 19
9 19 194
9 15 49
9 7 17
9 18 182
9 25 89
9 21 52
9 11 80
9 27 92
9 2 167
9 12 28
9 17 195
9 23 37
9 30 147
9 26 104
9 28 105
9 29 36
9 13 100
8 9 23
8 27 88
8 28 141
8 26 57
8 5 76
8 18 183
8 6 80
8 10 30
8 13 3
8 3 185
8 2 83
8 16 23
8 17 118
8 7 81
8 14 33
8 20 47
11 12 161
11 26 63
11 1 63
11 27 104
11 16 17
11 8 24
11 15 78
11 14 197
11 22 110
11 25 128
11 5 9
11 19 117
10 28 197
10 29 54
10 13 124
10 16 106
10 11 94
10 5 187
10 9 149
10 7 175
10 15 16
10 20 175
10 23 123
13 12 12
13 5 57
13 23 10
13 18 35
13 24 147
13 7 132
13 16 24
13 21 159
13 30 106
12 4 163
12 14 180
12 22 20
12 15 44
12 17 67
12 19 51
12 28 80
12 2 142
12 27 50
12 25 51
12 8 129
12 6 77
12 10 136
12 7 21
15 1 191
15 5 102
15 3 110
15 23 72
15 8 140
15 4 41
15 14 161
15 17 74
15 28 169
15 13 114
15 18 24
15 26 161
15 29 178
14 24 6
14 10 168
14 22 6
14 13 99
14 18 177
14 4 74
14 29 20
14 6 90
14 1 93
14 5 173
14 2 9
17 16 136
17 27 136
17 5 176
17 21 55
17 28 19
17 2 82
17 26 176
17 25 79
17 24 120
17 7 162
17 10 190
17 13 137
17 20 76
17 29 127
17 23 65
17 30 93
16 19 71
16 23 129
16 4 62
16 5 188
16 24 112
16 2 190
16 6 54
16 28 116
16 21 107
16 12 124
16 26 108
16 20 183
16 27 73
16 9 134
16 14 6
19 22 105
19 17 163
19 20 195
19 14 54
19 1 80
19 4 182
19 10 3
19 23 6
19 29 166
19 26 76
19 21 41
19 27 55
19 8 124
19 5 155
18 28 135
18 7 54
18 24 101
18 3 174
18 11 151
18 25 26
18 12 90
18 30 172
18 23 151
18 17 5
18 26 16
18 6 167
18 2 183
18 16 172
18 5 117
18 19 151
30 16 129
30 11 91
30 22 20
30 15 108
30 19 68
30 8 171
30 25 177
30 21 99
30 5 49
30 1 4
30 23 5
30 14 10
30 10 67
30 12 28
30
1 155
2 19
3 66
4 41
5 175
6 37
7 185
8 115
9 33
10 46
11 100
12 116
13 45
14 86
15 56
16 30
17 33
18 148
19 178
20 82
21 143
22 166
23 90
24 173
25 173
26 55
27 118
28 111
29 180
30 188
