UCS
24
30
400
24 28 17
24 8 50
24 11 29
24 6 100
24 15 195
24 9 55
24 1 123
24 4 26
25 15 191
25 4 54
25 22 195
25 11 16
25 26 47
25 24 81
25 8 165
25 23 52
25 17 185
25 12 185
25 28 180
25 16 4
26 23 123
26 16 102
26 21 54
26 24 34
26 1 194
26 27 78
26 19 195
26 14 197
26 17 99
26 7 33
26 22 21
27 1 12
27 9 113
27 11 169
27 24 55
27 13 74
27 5 159
27 7 164
27 22 22
27 16 198
27 25 119
27 29 36
27 19 51
27 18 63
27 12 82
27 20 1
27 28 68
20 6 69
20 8 174
20 19 161
20 7 181
20 10 35
20 23 118
20 13 19
20 5 76
20 2 1
20 16 35
20 4 7
20 26 38
20 24 11
20 12 114
20 21 147
20 3 195
21 25 122
21 5 82
21 24 57
21 19 121
21 4 110
21 13 142
21 28 168
21 17 149
21 22 16
22 3 91
22 11 87
22 15 183
22 20 47
23 6 44
23 16 120
23 28 29
23 10 61
23 22 184
23 2 98
23 19 60
23 21 16
23 29 95
23 13 169
23 4 158
23 9 12
23 27 189
23 17 145
23 15 136
23 24 158
23 5 100
28 13 68
28 15 193
28 22 162
28 14 36
28 26 105
28 4 14
28 6 158
28 12 164
28 1 181
28 8 54
28 2 195
28 18 131
29 16 51
29 20 84
29 1 94
29 25 169
29 8 187
29 28 11
29 22 46
29 24 195
29 18 67
29 13 41
29 3 29
29 6 59
29 7 130
29 21 183
1 25 25
1 19 128
1 12 140
1 20 61
1 14 193
1 7 81
1 22 48
1 23 167
1 30 164
1 21 43
1 4 182
3 1 75
3 7 7
3 13 46
3 18 13
3 24 24
3 28 92
3 30 75
3 2 93
3 14 77
3 6 108
3 25 23
3 17 67
3 9 22
3 11 123
3 26 158
3 21 60
3 5 167
3 23 27
3 4 70
3 27 62
3 19 168
3 12 129
2 27 189
2 29 148
2 25 83
2 17 75
2 24 64
2 9 118
2 1 44
2 19 199
2 11 10
2 15 65
2 16 29
2 26 116
2 10 98
5 30 180
5 29 191
5 19 85
5 16 54
5 12 65
5 25 51
5 1 170
5 4 56
5 18 183
5 7 49
5 22 164
5 26 24
5 14 13
5 9 190
5 2 46
4 22 142
4 17 5
4 13 198
4 11 131
4 2 59
4 27 171
4 10 69
4 29 26
4 30 80
4 26 121
7 4 125
7 16 58
7 28 73
7 23 191
7 25 21
7 11 8
7 21 144
7 22 39
7 19 58
7 13 114
7 12 19
7 14 137
7 24 174
7 17 7
6 7 192
6 15 128
6 18 91
6 8 78
6 5 29
6 21 93
6 4 157
6 22 123
6 19 164
6 25 188
6 26 66
6 27 131
6 2 194
6 10 101
6 14 27
9 12 124
9 29 92
9 1 110
9 8 123
9 28 127
9 21 185
9 22 14
9 11 21
9 26 73
9 25 80
9 17 41
9 10 61
9 15 135
9 4 168
9 20 11
9 6 18
8 2 164
8 5 172
8 22 52
8 7 58
8 10 136
8 21 172
8 27 44
8 18 100
8 26 187
8 4 158
8 23 128
8 3 66
11 10 1
11 1 125
11 23 144
11 26 182
11 28 193
11 5 2
11 21 33
11 6 16
11 16 49
11 8 32
11 29 183
11 19 132
11 12 32
11 20 66
10 26 183
10 25 19
10 1 186
10 27 97
10 17 101
10 13 73
10 3 200
10 30 49
10 14 97
10 12 59
10 5 165
10 15 143
10 28 182
10 29 29
10 21 171
10 24 3
10 22 110
10 16 161
13 14 192
13 17 28
13 26 162
13 5 126
13 22 109
13 24 142
13 15 113
13 1 87
13 11 6
13 2 111
13 8 171
13 6 44
13 9 93
13 16 49
12 8 107
12 21 153
12 13 132
12 6 43
12 29 21
12 23 151
12 15 116
12 22 115
12 17 177
12 16 137
12 24 142
12 30 54
12 2 163
12 14 31
12 26 55
15 8 55
15 5 188
15 17 153
15 18 24
15 20 11
15 19 186
15 1 51
15 4 94
15 27 37
15 21 38
15 26 25
15 11 20
15 29 140
15 3 112
14 9 49
14 27 115
14 2 67
14 20 138
14 17 38
14 4 81
14 22 174
14 11 48
14 15 198
14 29 126
14 25 165
14 24 171
17 11 191
17 20 129
17 16 159
17 1 172
17 8 197
17 28 163
17 22 181
17 29 169
17 5 125
16 8 91
16 4 129
16 15 8
16 1 75
16 22 66
16 14 164
16 3 58
16 24 199
16 21 183
16 28 113
19 12 109
19 13 86
19 17 103
19 28 169
19 22 153
19 9 141
19 10 69
19 24 111
19 8 137
18 12 23
18 19 11
18 20 46
18 9 12
18 14 152
18 30 199
18 10 89
18 23 16
18 4 12
18 25 106
18 16 23
18 26 9
18 17 121
18 11 171
18 2 131
18 13 181
18 22 187
18 21 38
30 21 62
30 11 77
30 19 140
30 6 67
30 27 164
30 28 11
30 8 31
30 24 124
30 7 195
30 20 174
30 16 137
30 15 78
30 26 133
30 22 125
30 23 133
30 2 103
30 9 116
30 25 6
30 29 92
30 17 160
30
1 91
2 139
3 106
4 10
5 98
6 112
7 8
8 122
9 191
10 15
11 170
12 158
13 7
14 45
15 48
16 2
17 108
18 178
19 178
20 57
21 62
22 165
23 105
24 98
25 59
26 78
27 121
28 181
29 96
30 131
