BFS
11
29
400
24 16 96
24 6 126
24 13 133
24 1 197
24 27 109
24 22 70
24 2 39
24 26 44
24 10 196
24 15 192
24 25 73
24 30 7
24 4 128
24 7 167
24 29 51
25 8 138
25 17 138
25 18 25
25 22 66
25 30 88
26 22 79
26 4 85
26 14 170
26 2 91
26 3 144
26 29 176
26 28 173
26 30 144
26 8 160
26 11 15
26 27 89
26 16 36
27 3 182
27 11 143
27 21 85
27 1 169
27 29 121
27 15 1
27 9 28
27 2 154
27 6 2
27 19 141
27 13 133
27 25 115
27 22 24
27 14 133
27 28 3
20 10 90
20 19 154
20 28 175
20 27 4
20 17 68
20 16 73
20 13 53
20 21 140
20 24 160
20 8 42
20 25 150
20 26 18
20 15 140
20 9 36
21 26 15
21 29 155
21 30 199
21 5 100
21 8 42
21 18 69
21 14 130
21 12 153
21 25 148
21 3 63
21 10 136
22 21 162
22 23 115
22 16 25
22 20 160
22 8 42
22 4 184
22 10 66
22 3 50
22 11 147
22 18 167
22 9 160
23 9 27
23 14 15
23 19 121
23 25 184
23 5 167
23 2 69
23 11 133
23 6 99
23 15 99
23 12 12
23 27 29
23 21 76
23 7 73
23 18 22
28 19 193
28 1 55
28 23 98
28 18 55
28 29 146
28 14 200
28 22 17
28 24 192
28 21 68
28 2 187
28 3 165
28 6 155
28 25 132
28 16 152
28 9 161
28 17 37
28 13 44
29 20 95
29 14 162
29 1 158
29 30 67
29 7 71
29 22 82
29 11 200
29 6 105
29 3 134
29 12 190
29 25 174
29 8 96
29 16 146
29 19 45
29 23 153
29 13 18
1 7 91
1 26 41
1 2 172
1 30 124
1 22 80
1 14 166
1 16 72
1 20 196
1 23 7
1 18 122
1 21 1
1 17 22
1 8 49
3 13 120
3 9 168
3 25 5
3 2 82
3 16 45
3 1 143
3 5 42
3 17 12
3 15 91
3 24 41
3 23 7
3 7 140
3 20 141
2 11 106
2 22 66
2 30 64
2 21 173
2 9 42
2 25 149
2 17 86
2 14 200
2 12 135
2 8 19
2 4 190
2 29 134
2 20 159
5 4 105
5 24 186
5 22 35
5 7 83
5 14 15
5 29 152
5 13 109
5 19 70
5 27 35
5 2 170
5 11 182
5 25 101
5 1 194
5 9 141
5 26 96
5 20 147
4 20 36
4 9 146
4 1 157
4 6 56
4 10 94
4 15 42
4 21 117
4 25 57
4 14 8
4 13 79
7 18 148
7 21 28
7 15 120
7 2 133
7 25 28
7 20 17
7 22 7
7 19 152
7 10 167
7 27 33
7 4 148
7 28 98
6 1 91
6 26 4
6 15 193
6 5 26
6 7 1
6 18 42
6 25 60
6 14 124
6 9 85
6 22 194
6 21 194
9 13 25
9 21 117
9 24 104
9 26 89
9 29 108
9 18 28
9 11 181
9 16 150
9 25 26
9 12 51
9 7 147
9 15 43
9 30 113
8 24 184
8 27 198
8 18 45
8 6 150
8 7 41
8 13 116
8 10 87
8 4 141
8 9 13
8 3 61
8 16 96
8 5 38
8 14 124
8 17 117
8 23 183
8 19 30
8 15 26
11 16 176
11 25 77
11 1 153
11 20 185
11 4 89
11 19 94
11 6 152
11 3 98
11 14 113
11 8 52
11 24 145
11 21 45
11 28 28
11 30 141
11 18 117
11 17 11
11 15 135
11 13 73
11 7 39
10 5 83
10 3 150
10 30 88
10 9 41
10 28 39
10 2 150
10 6 6
10 16 28
10 25 43
10 29 67
10 26 137
10 23 168
10 11 157
10 13 99
10 1 133
13 23 170
13 18 95
13 2 192
13 19 21
13 1 140
13 7 35
13 25 175
13 22 70
13 6 67
13 21 187
13 26 55
13 17 84
12 4 43
12 30 171
12 3 92
12 25 153
12 20 139
12 27 139
12 26 185
12 13 6
12 14 130
12 1 141
12 11 150
12 24 130
12 6 74
12 16 81
12 5 184
12 28 18
12 7 157
12 22 19
15 12 188
15 14 83
15 29 172
15 22 190
15 26 175
15 21 171
15 19 188
15 2 104
15 5 171
15 13 117
15 25 70
15 28 158
15 10 171
14 20 182
14 10 131
14 22 173
14 9 36
14 24 106
14 17 97
14 18 46
14 3 66
14 7 97
14 25 141
14 16 100
17 6 141
17 9 128
17 22 145
17 21 38
17 29 119
17 12 134
17 23 98
17 5 163
17 18 48
17 4 162
17 24 79
17 7 94
17 26 68
17 27 50
16 7 99
16 15 34
16 18 185
16 21 42
16 2 91
16 25 192
16 4 26
16 17 33
16 13 60
19 26 81
19 16 133
19 17 28
19 2 93
19 22 155
19 1 28
19 3 105
19 14 40
19 12 5
19 25 71
19 4 44
19 30 80
19 9 138
19 24 78
18 2 95
18 19 162
18 30 184
18 4 131
18 15 125
18 3 161
18 24 56
18 27 166
18 5 190
18 29 85
18 26 45
18 10 172
18 20 61
30 7 138
30 15 102
30 28 168
30 20 72
30 16 10
30 5 68
30 3 127
30 23 131
30 13 39
30 6 111
30 17 17
30 14 71
30 8 160
30 27 99
30
1 127
2 151
3 144
4 17
5 180
6 1
7 171
8 59
9 190
10 151
11 32
12 107
13 67
14 116
15 19
16 27
17 150
18 15
19 177
20 92
21 191
22 187
23 117
24 143
25 64
26 95
27 31
28 64
29 42
30 195
